10000 9999
6065 3973
7713 6065
9016 7713
2537 9016
2420 9016
6521 7713
7408 2420
6169 6065
6999 7408
4275 6999
7819 2537
8399 4275
5445 2537
1961 4275
8614 5445
2013 2537
3032 4275
7749 6065
3530 7749
8480 3973
1229 3530
950 8614
6874 950
2872 6521
4369 7819
9745 950
1985 9016
2915 6065
140 6521
2174 1985
8444 3032
2211 5445
1773 1985
8886 7408
1720 8480
8162 6169
6013 140
4390 1720
4870 7713
6661 8399
268 6521
7414 6661
1919 3530
5298 6661
9121 2915
4797 140
331 2420
5414 8480
6764 2420
8698 2013
7509 9121
2659 7414
1825 7414
1094 4390
9141 7414
7194 4275
6828 9121
2776 2211
7538 6661
4833 8480
1582 6874
5357 4369
5672 1229
6126 5672
8390 7408
6022 2659
9227 4797
8270 6013
4012 3032
8433 140
4984 6022
8917 3530
257 9227
4322 8480
2361 9141
8210 9141
7645 2174
8021 6126
4164 6661
8848 7194
8263 6661
2433 4390
2034 3973
8559 5672
9524 2915
3574 4870
9437 7749
6765 1582
8920 8399
4038 4833
1606 8480
8000 4164
1589 2420
7541 8444
9168 4012
3376 6874
6894 5445
4618 8210
5499 6521
2316 5298
427 3530
4376 4322
9664 4275
4522 7819
4332 1589
3356 9524
5297 4332
2158 4618
2183 9168
403 1720
3288 1919
6534 2211
3253 9437
9665 427
7483 3376
3876 331
9738 7483
3807 6169
5459 7819
3002 5414
5039 3356
1648 6764
8285 4322
5165 3807
8072 2659
8223 3807
6263 403
5943 1919
5724 7408
4313 2915
8251 2361
4250 3973
3995 2158
8834 6022
6374 6263
7612 8480
6660 4870
1937 2174
7857 3807
9475 8072
168 3253
6297 5297
6958 1648
4752 2211
2153 2915
5904 6958
4889 2872
9953 168
4629 4870
6829 4164
3850 2174
3889 4038
3623 5499
1408 1094
1414 5459
1730 4870
3113 4752
5168 2420
8407 4889
5605 1961
938 1773
9924 1985
456 6874
2355 6126
4084 1414
6172 5165
6606 1961
3748 3623
2278 6894
3342 8444
2981 4164
5812 8390
7342 456
9670 7749
4145 4629
9238 7342
384 456
8753 5904
5124 2361
3382 7342
7864 7541
8456 8480
5880 4376
291 2158
8645 9141
553 3288
7899 2433
4141 8920
7554 8444
2257 7342
3477 1582
7960 1606
3643 403
60 5812
1562 6606
6754 9141
8860 4313
4383 3382
1152 8920
3871 553
5913 1229
8259 1414
5271 3342
7294 4145
6987 3477
9713 8834
2877 3113
4747 8162
5988 4752
8034 9141
8551 6987
9202 8251
1797 6660
1049 4275
4143 6521
407 7819
6792 5880
7512 456
3461 8000
7571 8551
9871 8480
9224 8456
3513 7194
5233 5913
7244 4084
8326 2420
6744 6764
3701 8407
4922 5414
5839 5414
2697 8210
4516 7414
6247 4275
4031 3889
3157 140
4321 1229
2702 8390
3842 2981
9446 4012
772 9664
3258 8753
3093 7408
4461 3643
4621 2316
3095 3842
5270 6263
6911 3871
9346 1730
4339 7538
773 8917
7829 9738
2926 938
813 6172
7634 6169
2384 8433
3274 8645
6875 3253
7567 5499
3671 9475
5802 3623
1457 2183
3544 8072
1966 9953
7678 8917
6549 8162
171 8021
1990 7342
550 8000
9161 8326
6676 7567
7228 8000
7332 4752
1882 3876
6614 7960
6537 5802
3677 2537
9560 550
9461 3623
8730 1720
1617 3288
31 8920
7146 9871
8649 3842
7885 1937
5479 4275
304 2153
6182 4618
7113 7408
6382 2872
4309 550
3758 938
769 9346
2398 8270
2297 9238
4774 9016
2256 7244
9513 1408
2198 6606
235 6537
3991 2316
3613 3889
5818 2433
6677 773
3164 3157
1250 6614
5148 769
9306 3258
2319 8730
9910 8162
4373 4309
1806 6894
3954 4629
5850 407
9755 550
1028 7414
1074 7571
7930 6263
6372 1985
3467 3544
6835 5913
9244 5357
4993 3991
1705 2174
9094 9924
2577 6022
2683 5802
5425 8444
3025 3677
9184 7645
1905 4461
7326 7678
8972 2158
8536 3095
6221 2355
3447 2683
4803 1882
2524 5880
3097 6894
5522 8848
3138 9437
8143 1730
1435 4313
3203 3447
152 8000
8156 3513
7799 1720
8256 2524
3231 4747
3324 8480
7118 6661
3999 5913
1903 6792
5931 7414
7972 7414
2178 6549
5247 9094
8721 4084
5379 2659
3117 6549
5310 4373
6605 8721
6741 6792
2921 1582
437 2877
9228 8645
8430 5605
579 9016
2566 3157
8397 1705
649 8270
1997 8649
807 3574
1515 3995
2900 8444
6882 9437
408 1435
8457 2872
9986 5672
6290 6882
6230 649
332 2577
1393 3477
84 9244
7825 1457
369 4145
9186 9016
1434 2981
7234 2183
506 8399
7104 3876
5511 5247
8708 3157
4858 7972
7522 9986
4362 1457
6008 1250
3201 152
4042 1606
9545 2361
4479 2278
6479 6677
8852 8143
667 6999
417 3477
3427 8721
7086 9184
9985 168
6454 417
7622 3157
5087 60
9628 1434
2327 8852
5117 5379
9788 6022
4702 7645
5033 4618
195 6230
7656 5818
6753 2361
9013 4383
1115 5672
8152 8834
6594 60
8293 1919
3596 4313
1920 152
1930 7612
2585 5168
4341 6765
1353 7825
656 6008
9348 4031
7128 5812
2799 9628
1594 1720
5101 6013
2147 7622
5998 1825
4456 7234
5338 3382
3741 4629
4976 257
9662 3701
8782 5165
5113 2420
7643 7645
5296 3954
6423 7408
6217 3954
3831 5117
2970 3342
3387 6263
5376 3889
7266 5357
9139 3807
6113 1905
3715 9738
5947 506
1026 3376
1931 1985
9349 1920
5668 7266
8781 4797
1779 8256
1645 9161
4898 6182
2679 7113
5624 6614
3310 8072
133 7567
9961 3356
7169 9228
4078 9713
4735 417
444 9924
3305 3842
3272 3305
1153 1648
1647 9306
657 3201
9378 4898
1199 4747
5832 5425
7690 5033
6571 4143
9487 4993
1828 1937
7373 8730
1896 403
6492 7326
3195 9348
1438 4993
2064 9446
8265 3002
5650 8399
6340 456
2092 9184
5285 8251
1329 4922
601 9094
1836 8407
9734 3954
6505 171
1717 2034
5538 9168
7746 4145
3222 3117
2267 5943
5849 4461
3665 3876
635 9524
3207 5101
5879 9662
4266 4390
4883 5988
8144 3530
4400 5913
6427 2316
555 4339
2274 3201
2935 8852
7160 7885
6478 9378
8054 1329
6439 5414
6342 667
5227 1896
540 3842
2484 3093
4354 8848
6362 4870
1716 6172
8178 4084
8722 4898
6298 9378
5848 4145
7562 407
3527 7829
9127 8433
7393 7146
5212 8698
2221 4369
911 4889
4501 8256
9841 4275
5363 9121
9110 8259
6049 6374
6105 5285
2857 4266
901 195
541 9924
6100 6454
3303 2183
7114 2926
7226 6606
104 84
4294 1515
8024 9738
4935 8698
2637 152
5005 9560
6967 3574
2737 6882
8220 6764
6760 1606
3900 8834
9732 5499
1748 1049
7078 3623
3169 9745
6796 5363
6166 4922
2012 417
6663 3157
3165 7829
1068 8000
9404 4164
922 3201
3094 8054
5533 6549
5286 2659
7793 1985
9578 7483
8050 4621
1432 7408
9853 1961
1539 4038
6616 2970
8398 1250
537 8072
3817 6792
961 4456
7017 1414
9706 9306
316 9953
2673 407
1553 8848
1202 3527
7974 1028
5579 9910
4489 9745
1009 1202
1516 4354
8001 3817
8066 9662
8907 1930
996 9986
4952 332
1382 7118
409 9487
5903 2659
8983 3741
7241 9094
102 9306
1859 9475
9752 5165
8469 996
7905 3758
3409 3169
3088 3097
7606 5005
7526 7634
5196 6875
166 1594
9580 2355
7534 7819
5422 6340
6228 316
9096 8972
5097 3807
1602 5802
1551 1009
4288 5538
5047 8469
7518 7634
715 9121
7916 2147
8831 7974
499 6616
3 1882
2923 1606
3536 579
8717 4752
6584 5212
5595 1562
7714 5296
6907 8852
2155 5101
8101 635
8176 5376
6971 1931
125 667
3325 9871
5374 1199
4422 3467
7421 7169
2389 4621
3707 6342
1755 8831
8218 3748
8004 2155
8328 3032
7544 3157
1127 9348
9231 3513
1182 9127
6634 9244
1542 4702
9528 1730
6569 9127
8509 961
5384 649
8374 6828
2625 2659
6213 1773
3769 5039
3781 1068
1134 6676
4725 2384
5027 8000
6873 5538
4985 8456
6195 5384
9085 1026
6255 3889
9786 403
1681 2278
5962 3623
8609 7825
3433 5047
6475 4141
1036 8831
6520 8917
1887 316
868 235
4744 1645
7729 1966
5116 1606
7357 1997
4910 3272
971 1773
7196 5848
924 5033
5989 6971
4840 8374
8146 4725
8425 7656
8975 4744
95 1393
9308 5650
4934 8397
144 6605
4914 7393
7295 1606
9239 2799
5430 7571
9145 1382
14 2872
1387 3203
7088 331
8312 9121
8570 2737
6888 1919
295 8975
5997 8975
7282 4934
3873 6569
7780 1152
1522 7729
7603 9628
2986 555
8546 7160
7179 6828
9723 7930
9837 2986
6685 1026
3553 1773
4556 8223
8592 7518
7688 7916
9265 168
4365 3769
5851 3991
8224 2316
9903 3387
1334 9738
2564 4339
8038 9346
391 2355
7504 1966
2435 3817
2429 6217
8605 9231
1118 1522
4994 6374
1007 9580
192 3715
1715 4390
9607 1094
2832 2923
3843 2537
9093 7078
5676 5286
2317 4373
2245 5522
9534 2776
9527 9786
4854 8223
8552 7373
9468 4461
6659 6594
4312 7244
8587 7414
9195 8546
9703 4422
987 3025
1344 1118
7422 3623
902 6340
5909 8717
7736 403
1280 2659
1279 4744
9532 6828
3119 6479
2172 3258
7636 7825
4902 1127
1928 8605
6011 8270
8097 1606
8014 5903
5067 8285
2378 2278
6361 2872
2775 4840
3226 5988
5109 715
2477 5363
1719 2317
1055 1007
4890 4383
1330 5533
6558 8263
8199 6764
7579 5943
2956 8146
7850 7974
1679 4935
4432 8014
4119 9168
9623 6659
6071 1748
2540 5270
8678 7713
6397 7483
1675 2429
2259 9239
7069 9513
6291 1828
3802 6754
221 8433
5050 4322
6942 8143
8836 6169
4955 8293
7307 7104
1346 1582
9964 6663
200 5605
1871 6616
6031 8708
8964 8649
6232 316
6813 922
9989 5903
1543 391
4564 7606
6167 14
484 3671
3438 5851
2451 31
2033 4312
5722 3305
3543 7819
9421 5668
455 3758
3766 4489
5333 8101
3567 4618
8515 7146
6714 2585
9632 4275
3234 2524
1264 1961
5673 911
9882 6505
8209 9161
5680 3544
5371 9871
870 5379
1909 5227
4382 7160
3240 7332
3732 4702
4530 9475
3171 7916
5582 922
8897 2799
4941 221
348 5904
5741 3438
1363 8034
4224 7128
6956 2524
8124 4564
2028 7421
6044 8256
3836 8456
8002 7729
4253 5297
2855 9665
2348 550
6650 4522
5199 140
8103 5931
227 369
2125 2155
3951 7160
9118 291
9196 4985
5899 6232
5245 5812
4550 8103
6430 9168
6349 7829
3658 7373
3912 9903
7253 961
1696 5047
2306 3447
3791 4031
9451 5802
1485 1393
1263 6796
1494 8614
48 9964
6284 1551
7367 5988
6476 1280
2444 1127
8117 7483
881 7544
7119 8312
2391 5199
9614 9195
8655 8917
9997 8156
989 8117
8586 8645
2247 6549
8704 5117
2618 5445
1771 4339
1952 3802
9063 6167
1172 1515
1962 7526
9744 8072
3914 6182
42 6362
1835 4952
7389 5899
2290 6172
376 5109
1136 1414
3989 6172
978 2451
2646 3658
3776 971
351 9404
6646 6875
4428 5522
3408 8162
4153 2398
4547 7850
861 9231
4126 5067
8693 7294
1461 7538
2268 7567
3244 5297
8945 7930
6922 4985
3640 1363
5341 1720
1482 5005
7828 7342
110 2923
1406 6594
9074 3274
5482 5374
5703 4994
394 4902
4783 5445
5704 8457
7917 6534
3749 427
8773 2429
6186 3258
6204 7483
7011 4294
94 2646
882 1681
9401 1344
6414 9989
6921 8054
913 3596
240 8698
2229 8717
5207 3665
1858 506
9471 2172
67 7793
7997 9623
4652 95
9756 9664
503 5430
6500 7266
9522 1279
4616 7678
3100 8390
5104 9196
2569 7636
193 9074
7172 1997
4874 7194
1507 9186
247 4253
5657 7282
1652 9127
7681 1414
1364 5341
3239 6765
8289 7357
7942 9013
6405 9837
326 3272
1661 8975
7847 3310
9979 4382
5551 4744
8842 3201
3017 8143
2507 1068
129 6921
7513 1652
8200 331
5273 2697
981 1962
9044 4976
8600 2348
7232 9961
494 9224
1084 8263
6752 1730
3726 484
2518 5668
6812 3325
3228 1905
8182 9713
1585 9161
1390 9745
905 2637
4436 4164
1995 3876
9559 1551
9956 9578
1474 2361
9655 8831
7982 7780
5576 2290
9449 3748
4543 8072
1674 3376
5819 4432
6269 7088
3656 8066
2487 9231
6524 3288
8794 950
4037 8600
7969 3732
7274 6221
7542 9623
429 1127
936 1962
9648 7942
8009 7294
8105 5270
9864 7541
4973 7526
8043 7421
9839 9306
7434 3656
3282 6182
8187 4042
366 3002
4431 6569
9409 366
6424 6569
972 5227
4549 4889
259 1279
4568 7899
1852 171
461 1172
5178 6741
3004 1648
4395 3356
684 1263
8202 881
8713 6714
1340 978
3815 8066
4850 1280
8361 1858
2141 1755
1525 4985
2616 9346
6482 7688
2488 4432
8065 7078
7934 5033
9250 3954
4198 8162
7569 1919
1456 3677
2152 1153
7175 3004
1659 8143
4768 2398
7939 1716
1668 7534
2009 8398
5527 4038
9234 7504
3773 9446
8048 905
4903 8199
7365 8124
5313 2444
1155 8285
9926 1199
9023 6813
4055 95
5182 6894
8555 2211
5739 1516
7700 259
4741 1962
7732 7916
5621 1582
4407 4993
7551 14
1244 3802
5488 902
3676 2256
450 1719
8604 6423
6015 2009
552 5286
6608 9231
7308 9202
96 3164
943 3356
8844 657
2575 84
7869 9306
8580 1522
8042 2064
2529 9346
8155 9306
3153 3201
4418 4365
8954 9308
5778 6812
2171 9528
2949 6167
3814 7226
5003 4774
8485 9713
7797 7114
423 247
3870 3157
6321 6744
9562 1393
4368 2484
6964 5479
9398 7160
9708 1434
8453 7069
8792 455
7561 7825
1409 5703
3731 4198
5937 195
276 4362
6825 1387
7790 9446
324 2064
1138 200
6093 8072
4302 3324
2079 9665
9822 1582
6211 2153
3170 6492
5452 2009
8894 9398
8524 5595
7082 5039
3364 6760
9266 901
2715 6492
3724 9266
9541 2435
9012 1720
270 5212
4765 870
5063 2518
4459 6828
3956 4890
6344 48
54 1009
8354 7917
1561 3850
8824 5117
1090 3324
7863 6744
4192 8289
1027 4840
7045 555
7138 1346
2371 6195
4233 1705
4855 6685
8489 171
2834 861
8602 6584
5709 5379
1227 8570
498 3956
796 96
2379 1674
7805 1920
3631 8398
7654 1928
4709 4479
7491 5063
8031 4321
5393 9234
6218 1594
6866 6291
8683 2327
9591 2152
9458 9723
5055 9864
9295 96
6262 1903
5784 9186
809 5376
5768 5371
7623 981
7329 7295
6159 94
527 1438
6043 429
9749 7905
7574 427
4392 8509
7188 7332
6527 3956
2417 2637
7591 6126
9741 4055
522 550
8032 2012
5872 3991
4044 6263
3859 1134
2428 7569
1818 4042
3005 268
6133 331
1413 540
4069 6606
5224 6113
6877 7544
1145 9141
7703 2646
100 2702
2094 2278
9287 2487
3318 8220
2878 9096
6075 2697
4098 8218
8796 657
6689 7196
4104 2540
28 7799
7306 6760
6413 9713
2423 9227
5150 456
9850 3376
5954 6650
2116 3758
3232 3954
8763 5511
2475 4914
7928 2518
3628 1797
5206 3876
2936 4233
9089 7282
9192 6907
7288 8605
8735 8897
1310 3438
8833 9979
8682 6291
9529 2009
2472 408
7415 8782
5497 7538
5859 5479
1969 3623
8435 8796
678 7703
3434 2921
4651 9471
6912 5709
422 3999
130 240
610 6646
6949 8717
5249 1009
433 4098
7360 6521
1633 1937
2447 3119
8158 8897
7501 527
2968 7828
4901 3274
3204 7544
425 4833
4764 3544
225 4369
736 3356
8449 5310
5584 9664
236 6133
3481 9871
2382 8552
5420 4735
767 7308
7105 552
661 989
41 9882
3798 8469
5251 2564
187 8920
9242 5271
5155 1539
7727 2009
6766 8773
3248 3324
1878 3356
3542 2423
4509 6475
2631 5899
9193 6714
1173 5784
3011 2968
808 2174
56 5989
7585 807
7486 3461
5572 2094
8092 9023
4240 6362
5763 7939
7265 5605
3295 240
6237 2198
4484 2618
3283 4741
1841 84
693 3171
4450 2447
6903 9662
2118 3169
7548 4224
5894 369
1569 9348
6597 2926
7102 1202
483 1562
5203 678
2242 4709
9957 870
3507 4422
6338 4224
5603 4890
1054 96
1293 5894
9510 8200
8544 5196
7940 5497
9402 8524
3443 1152
215 8407
2200 6505
8487 3461
2483 5117
8319 8001
3013 3836
5689 9127
6275 5297
6398 4934
6099 429
6941 8066
2824 4376
5230 3231
5020 870
467 7681
6242 8146
6283 1334
6684 9786
8219 9127
8589 1136
532 6476
1732 6398
8296 1755
8232 1562
8857 5050
5701 9063
6001 2444
1739 9239
6210 2092
5272 4042
9707 5341
1278 304
5242 6413
2110 6594
9939 2625
2579 8200
2617 1930
4210 104
6292 3288
2840 3658
6305 9378
596 456
995 2009
770 7703
1764 1432
442 1525
629 8602
7660 6912
4988 130
9017 7579
6239 6211
2657 7736
2432 7688
2405 8972
5759 9788
1834 9513
7301 6228
3192 8586
1564 9578
9605 3802
9874 8397
4156 4098
4415 8433
7010 1172
5750 6537
6849 60
6272 7569
6667 5285
2678 9451
7763 6284
7697 3017
1500 5943
7493 8559
8161 6424
7124 7179
1142 7138
7996 4365
7426 1406
4180 7960
2408 9850
3463 7544
9849 8430
3260 6269
3974 5116
9775 2986
588 4369
6353 4210
6246 8842
8634 8105
3853 8831
2862 4629
7394 2384
8341 9713
906 8848
9357 2444
5404 7105
3561 6297
160 2540
3389 8708
8358 3169
1737 8920
26 9607
3482 3094
637 31
1514 2158
7208 8453
9236 7493
6984 4322
3736 2378
4644 5763
569 1797
6138 4509
7489 8224
4957 8256
8471 527
4635 4126
1837 2229
4873 7360
8531 5047
3535 1931
1470 773
3041 2618
8899 6230
1603 2472
6898 1834
2856 7394
5813 8265
7820 423
6026 3093
4110 5813
3949 3677
5611 7102
7983 3656
823 5488
5070 1145
2416 881
2289 1470
4811 9662
80 5249
5322 6476
8956 9402
6982 9044
8164 1387
4777 2488
3407 9664
5874 407
3307 1603
4996 7172
6412 5005
6883 9545
7615 5247
7535 8143
2606 601
3809 540
5095 6521
9554 4530
3293 6646
9761 1937
9824 5422
9125 3113
4384 5750
7136 1661
4220 4652
6152 1594
4608 5039
8193 7899
4442 2317
9902 9723
3212 767
5902 9853
3970 9522
5315 26
952 67
1772 8361
1710 1553
7108 1772
4527 9775
533 7288
7323 2382
8985 1937
9201 2840
1777 1334
6846 8293
2864 8032
8233 9287
4505 8753
5941 7746
5229 9471
6869 7491
212 2832
3018 1127
3934 9063
8401 6217
3662 807
591 4376
578 4858
8204 989
2740 6283
3794 767
7377 8031
919 6478
8879 1797
7480 94
5897 3951
4454 3731
2847 144
2843 3656
2574 6616
271 2878
1274 1928
5746 9451
5084 2740
4475 3282
8729 3244
8803 7548
4722 9632
9992 8210
8507 6958
7327 540
2563 3434
2554 9349
8797 5310
6390 7825
3953 9545
2279 591
1048 2172
8679 1648
496 9528
5314 7480
5211 200
8695 8034
120 8176
117 8031
6989 7232
5360 9141
6501 5703
8806 6849
6030 610
1391 2408
5493 7554
3202 95
1570 8546
432 2416
8841 7393
7492 5212
1586 3258
258 2171
4965 1716
1217 235
2363 3513
6171 4302
2971 6246
4123 1806
5373 3631
2597 3226
5919 3671
282 4747
262 4250
8968 2267
3620 5778
2330 4652
4308 5582
5053 8589
3851 8721
9479 3433
5815 9605
8787 1952
1849 1928
4409 7108
9930 7232
1014 6597
9251 7342
3964 195
3549 736
5840 8509
5930 2290
8915 736
5295 215
9151 8487
4863 5445
4403 902
7258 2579
6367 2428
5160 4941
2999 5211
9120 247
3531 4198
921 8361
4448 7241
8060 3776
8245 1094
8313 8531
8793 2363
7990 8050
3344 3561
6481 6482
6034 8848
5770 3802
6533 2444
3351 3231
8238 6338
5442 2923
4424 1393
3942 6133
7945 870
7 4621
9490 5245
1929 7136
6790 1172
3046 8683
6690 2618
3076 1930
8702 5819
9460 5879
6106 1732
1083 5124
908 6340
6431 7491
5480 1434
576 8645
1449 9089
7007 7603
377 2878
8127 808
2197 2013
7166 2986
9245 2432
8666 4415
8163 5621
713 6283
6860 195
4193 5899
7527 6829
8930 240
7971 1202
6640 8793
4095 6877
1520 2247
4417 408
2594 9110
1323 5273
5193 4870
8304 8219
6487 366
7815 8693
2337 637
8672 8259
7008 9849
5707 7971
3159 1589
2896 1779
3650 6011
7356 6398
7264 1737
1968 5087
421 7899
6378 1841
668 407
1431 6044
4849 3088
7921 9401
7006 6431
4171 3032
3642 2378
8934 8200
6203 3656
988 3794
9688 8480
9264 5242
793 6186
4280 5314
2101 7928
2203 1118
869 5849
1749 7082
2962 2625
2045 3677
1061 2923
3537 2631
8553 2420
3841 6941
5788 5357
4573 2198
8529 667
2774 4765
7774 8001
1923 8326
1935 7136
3026 1739
1322 9446
9946 5997
8550 6263
9773 9688
1955 5527
9388 7323
2641 2012
375 6558
562 3201
464 5988
9113 3574
5789 369
5796 1732
3875 235
6807 3656
1446 961
4293 3814
9020 5005
8617 3342
622 2900
1075 366
5667 6744
4050 6105
6081 9349
1275 1633
4270 1027
835 7606
5254 5676
2879 2856
2004 9632
4753 9580
1157 8983
5755 3032
353 9437
5339 193
8375 5315
1239 8296
8843 8031
9292 5763
6615 7828
5927 5668
1059 8841
1627 8471
43 5739
1850 2337
8741 3640
9232 5155
4668 8515
9740 4988
4267 8695
4503 7574
8316 2900
5795 6882
3167 1075
5364 2569
2627 1717
3233 5193
1418 6126
5649 5298
356 6342
3845 8263
2137 5611
7547 3041
7519 5724
8460 637
6876 5848
5740 6378
3215 5482
3761 9664
2165 6520
1641 8164
652 4547
9831 6949
9960 7509
2204 427
1620 1134
8542 8224
3711 6537
1453 9786
250 5420
9680 5551
1934 3973
6270 8553
760 5150
2364 48
9130 6321
9832 7732
4115 2840
7460 807
8330 5584
9970 8782
5669 8833
7186 3195
794 1627
477 9534
3678 943
8728 3845
7140 6043
8353 3443
2544 6984
4195 2429
38 905
2007 407
916 5709
70 7357
9793 922
738 7519
5129 1679
7510 9706
3796 8704
4359 1346
2767 7367
7861 1449
4221 8509
2418 6397
5185 8103
2903 9348
3448 1084
4492 1413
1791 4629
1318 1620
9945 8917
149 7847
3495 7301
9820 760
5470 3117
7943 8604
3085 1696
8437 1771
8783 8480
9676 6172
5835 2575
8809 3741
7296 257
9079 6677
5283 5741
7860 971
9318 4308
8960 1715
8931 1553
7482 9871
1319 6398
9530 4143
246 9510
3978 6869
3861 8833
2281 6166
5262 3076
51 8722
890 4233
6809 882
6323 4993
7151 7997
5876 2847
9716 1014
9376 1118
2801 684
4733 2147
9100 5872
6236 7860
404 9250
2251 807
7023 7373
1373 1522
3422 5832
9315 1961
8082 5295
4552 9902
779 5286
5598 1434
9273 916
5757 1409
8947 3113
9324 5055
2340 4744
8040 8155
1501 4935
3068 882
2611 3761
6066 2563
2651 8507
6557 3831
5174 6424
3734 152
1778 8806
4176 7541
156 2856
8883 9670
4082 7797
7304 7007
3752 427
2827 8831
2649 6752
3385 246
3823 3303
1872 1202
973 6505
716 736
3429 8897
2701 3342
2522 257
5800 227
8814 4341
7009 9605
5916 8605
2520 7690
1277 2152
1433 995
6276 1570
7517 868
7516 861
4857 192
9009 4321
2723 5373
3223 5876
1218 7253
2709 7793
1977 7606
5923 569
4699 796
6192 5819
463 8844
6889 8146
625 4050
4318 7169
5388 5113
1980 4288
9169 7690
2458 4702
2670 7124
5377 5497
7430 324
2273 8233
620 8794
4933 1514
6884 3239
486 3201
5152 8843
7207 8679
5767 432
4536 2585
9891 2862
1424 6660
7696 3258
8996 1977
6962 3429
6929 7636
7764 2877
3464 1280
5573 5624
803 5707
3346 5511
3615 215
7525 2204
4734 8259
6369 4652
3278 4797
2892 9623
3006 8803
74 5579
1487 7997
6845 2857
1802 7393
6906 938
5260 601
9006 4994
9385 1218
694 7008
5540 919
7694 4644
6629 461
6282 2631
904 2569
947 9680
925 6049
8362 5621
914 94
4272 9121
4648 4955
7804 8433
6018 7820
16 1134
7909 9346
7122 8551
9218 3662
9189 4668
9173 9251
3375 8209
581 6958
8901 1387
3918 3543
1216 8220
4585 3097
5965 6001
9597 3169
6453 9741
7722 6172
5288 7525
9015 6152
4244 3553
727 4294
2661 4110
5744 2537
443 6533
2210 5393
5469 2856
801 7241
8363 3138
5390 499
8168 5390
8663 6361
2095 9946
302 6807
5613 246
7617 7969
1613 1391
1897 2864
5300 3912
5253 4450
7613 9023
4088 3542
6948 2554
6959 6828
1803 2801
4966 9169
3653 9910
1600 2488
4222 3202
5350 7547
7723 7486
3220 5800
9427 9510
2258 4811
333 6829
6458 5271
5562 8354
3268 5095
2730 625
3681 3574
3423 4362
4011 4616
5108 803
4197 2210
4513 7681
7783 2319
6817 4850
3881 1277
7473 2408
7250 4084
9281 7480
2621 5739
4650 938
6108 2337
6068 120
9629 3482
5716 9378
9509 813
223 9110
1333 7516
5653 7332
6467 1431
7193 3861
5007 7367
5468 4171
9303 6479
237 4503
2515 9528
4740 9265
4609 2594
9061 9734
4628 5812
116 5160
9885 5778
9819 952
2786 9044
7800 7006
7494 2657
5854 2141
8685 2518
8980 6008
4567 9085
1639 8158
8576 235
4259 7551
3735 6247
3238 2673
7750 9864
7291 7567
1383 5150
3855 4369
525 4250
520 6398
7712 56
2973 2361
6302 3068
1713 240
8847 9421
7322 4422
4074 4141
9644 9903
8278 1872
8010 3815
6870 2483
7416 1825
6723 9953
8795 2361
3795 1014
9539 9006
1143 9632
4706 433
7370 5796
3980 7264
4204 2137
799 8836
7986 3642
5166 1739
7995 1836
8711 9680
3523 6210
4939 4725
4430 1681
6067 6100
608 7945
4227 8996
3158 366
7625 5579
8513 9756
4557 9318
8282 60
1204 4706
5699 6898
2445 8883
4700 8312
7189 4527
2952 4042
6554 5880
4345 3310
1784 4489
6566 5767
6864 5903
2344 9793
7866 3676
4073 2316
4802 1569
3131 4362
4238 9013
5410 3855
3109 2420
2837 4955
5708 6034
1192 1661
9888 890
2792 9023
4927 4098
3388 5148
8700 5364
4231 467
454 1094
3911 8460
7626 7138
3778 972
4604 9127
3810 4543
4593 1806
9021 5168
5860 7329
9011 9471
8807 4874
3457 678
842 5613
6980 1931
3584 7306
9387 9688
827 3109
1 8679
6287 7118
6170 3170
1095 6753
8424 8792
72 5425
867 3584
8784 7804
1170 2483
9119 8844
3300 8259
4555 1784
3309 3531
8519 9775
3608 9387
584 1961
5764 6650
534 9655
8055 8796
1519 2767
6046 7430
8771 8634
482 2289
9768 5800
7055 9664
7598 1952
5416 9786
1736 7430
8408 1424
9705 1461
2300 936
7718 7547
238 9882
1676 3831
1103 9680
4571 4038
4886 1878
1496 2537
7156 8471
6623 2092
6510 2391
9609 4198
4551 661
9825 9961
866 8698
2193 4934
1133 5178
5154 7519
7946 8833
7543 1732
2779 8000
328 1586
4232 42
4670 8457
8776 3117
1429 8803
4896 8899
9159 3295
9720 8509
5190 9986
1198 4332
3450 8600
4519 5104
155 8695
3472 4747
3666 2229
3750 464
6782 3119
3906 5540
4581 9227
5742 596
341 2774
5990 7172
1389 5420
2675 8092
879 1280
7063 938
9352 7634
798 6427
8334 5116
8351 3272
8493 579
2061 8708
7314 4164
4125 3802
7701 7301
79 8407
8878 9011
606 1778
5093 8060
1636 7982
5798 5840
8343 6068
7621 8193
9465 3749
2246 2110
5591 2475
1123 5815
9938 7394
2082 3283
1034 1748
9390 4564
9412 905
6254 952
8426 5166
3185 1364
9469 943
7286 1836
2941 1802
852 227
872 1438
9174 7421
7935 716
7200 5899
7397 4044
9737 9786
917 6912
814 813
7092 9161
4772 7942
8715 8156
951 2857
6953 6766
9502 7863
5103 1519
9542 2487
6755 8546
6256 6192
4615 9308
1428 2147
2979 2856
6767 5879
5654 5876
3565 6030
2561 9703
6543 1138
5457 3531
508 3850
8913 1393
9516 6030
8056 6987
3792 9938
6947 6213
5342 2165
3400 9708
7134 4270
561 904
9514 657
9005 6374
231 2926
6047 9953
6112 7102
706 3274
5025 7722
138 5954
4048 7138
5069 7274
9112 2198
1927 4648
6778 5360
2313 295
5346 6305
3020 6949
9859 2956
8111 1
6694 5624
1258 1340
4602 3989
2255 8655
5250 7905
9484 808
9258 391
3966 905
5532 7078
1188 8824
0 461
5693 532
697 4400
457 72
7042 769
9144 8038
6631 6169
4647 1152
3114 4863
5170 1719
5601 5109
6703 6478
4500 7516
2362 8546
3367 3875
6954 324
4234 971
1729 2221
5548 84
8656 8717
6868 6987
4265 8202
5426 6112
7789 6501
7782 5603
4258 3088
8436 1474
4149 4345
1657 8507
2948 1500
8307 3427
2135 9186
9702 7916
4569 138
2151 622
1971 8975
3021 5923
6596 8704
9813 1681
1723 8793
4217 4275
5952 4952
2748 7194
7390 4910
7709 5923
1599 9184
9178 6270
7852 2799
8052 1652
1282 1192
2489 3274
2002 6344
4212 4180
3886 7828
9410 2445
3395 1849
471 6942
5711 5199
3275 9713
4416 8852
111 6659
7281 9970
5021 3422
9408 6876
9463 5965
1070 952
9546 7329
4588 3119
306 9118
5518 4966
4356 5203
9436 7574
5656 8293
1481 2935
6593 1675
3003 4192
44 7986
4397 4479
2453 110
7461 3956
3801 4180
8618 3385
8993 3351
5380 561
2461 8931
9698 2678
9860 5404
4214 842
6235 1028
1256 2520
1530 5595
3077 5848
2603 7124
646 2697
6837 1652
5140 5650
3070 2472
9675 7118
9153 5859
4718 9740
382 7329
2078 3911
939 3653
1471 6667
6763 427
3782 4747
6185 7134
7334 8469
2925 1310
5267 42
2919 4567
7998 5649
2005 3170
9071 4031
2455 404
342 3795
795 6584
507 2344
5732 2679
8769 8735
4693 1841
1838 6778
173 8980
3540 5819
5710 7377
314 3169
3243 1647
1580 9295
3899 3093
1780 3408
6116 9562
4813 1090
4669 8082
891 8024
224 8586
6711 506
2665 716
2995 8519
5030 4522
2846 8117
4666 2981
1301 2198
2953 6049
4471 6882
8234 116
4995 8105
1578 635
9212 2730
1721 2362
9327 3272
6620 5667
2817 7996
7331 8143
3728 3761
6365 6479
1100 7800
1614 7241
8790 4939
1388 8883
4731 8103
5194 2487
285 9487
1469 7461
5857 7703
3607 5874
3425 2004
3829 8433
9886 6714
7221 7960
9104 7943
1236 6305
6375 7517
3380 9401
6437 3448
1505 2670
446 6987
8371 2970
8623 2846
680 2319
1326 1602
3524 9100
3053 4192
8207 1083
3413 8771
7454 7207
3585 1627
1683 527
1754 5656
5327 7114
7438 6015
832 2594
8500 8717
6307 7365
4466 6812
6852 1659
1823 3375
931 3845
2560 2748
6339 7729
2230 6596
5578 9244
5581 1481
6899 4369
7566 8536
8118 694
1560 6475
6084 3288
3291 5097
336 5840
1020 7820
9715 1679
1832 6108
1440 2004
3099 152
4737 6170
1376 5710
6748 6369
201 4232
3717 3041
6383 8034
4024 9930
5881 6001
6462 155
662 1438
9133 9144
7174 377
6264 3207
3913 2267
1974 3005
7904 9104
3214 678
7682 2355
7575 3748
7546 8848
3529 6929
4721 2903
7033 9705
2829 2661
9543 5832
763 5097
6925 4670
7044 2028
8822 7574
3852 4976
3327 767
9996 2631
8992 6046
4662 1739
1554 3809
6033 8769
2284 9745
3360 1561
5712 3244
3625 5199
5912 5116
4514 4753
8537 7535
7374 351
2072 5170
9829 4547
1366 3585
9154 8803
3891 5452
6156 5271
9493 8604
6514 9112
7292 155
1233 173
5867 1952
6259 5050
1864 6108
190 7174
6977 5899
9937 7909
563 2855
1444 9346
9155 4873
4374 1074
5405 3278
8208 6898
4261 6423
5929 5701
5729 5242
6706 6852
1253 4384
3938 6030
88 2597
6696 5273
400 6427
8590 8793
3115 5379
2102 6837
3667 2941
7487 5909
2680 8210
6053 803
8012 3540
8624 6661
8274 5253
543 7011
7112 227
5544 7825
233 7703
8254 1737
9589 3951
1311 3980
9652 9469
1302 7434
1243 7688
2139 5247
1820 9287
2950 5341
2358 9545
4759 1887
7218 4935
9170 6099
5246 3607
7290 8031
6786 1418
4605 5346
1395 738
2684 3232
5475 6210
2917 6765
1550 9822
1769 160
6421 9864
682 1155
7686 3741
1793 8796
7153 4489
6747 6982
1129 5930
7856 3020
9594 8004
9506 4644
6300 7732
6139 1049
7442 8354
4917 8698
5717 3776
9856 2061
8575 1882
2500 1836
8938 4104
8696 7265
8026 2941
2390 5522
7970 5033
8705 9133
9000 6558
4323 9864
5277 1930
8352 3228
5036 6276
1987 6608
4517 8575
6540 3288
9457 1406
6822 2917
5500 9479
3421 2079
9482 6276
5127 5997
5034 2435
5045 9605
340 794
3486 6537
6932 3513
2671 6817
3599 2246
5378 9524
8261 7829
5049 2348
7443 569
1584 6534
7403 772
5574 5672
4736 9702
8779 9688
4162 4890
3452 4275
4538 6068
7195 2198
4595 7292
3396 9242
5996 9110
4018 2949
6491 4886
2071 4220
2160 8265
8615 1617
9498 7460
4950 867
287 3769
5995 1749
359 7288
9870 7008
1289 4896
106 9882
4348 6571
420 1652
4683 3171
7618 5839
1513 2675
4960 7780
6603 7696
7684 4253
7876 9644
402 4973
3508 1198
4282 391
3359 7327
7859 5667
196 8618
2818 3913
217 3711
1057 3342
2024 4044
9220 3325
1752 1100
8643 770
6892 6903
2352 1
7967 9541
509 4240
9389 9509
986 1937
4778 5154
893 6685
6639 4104
8601 9410
3562 1985
4727 173
6762 7591
4498 9734
8900 1075
7616 7232
7130 7281
349 231
2411 9997
1377 3666
465 9832
7931 1849
3663 8913
2113 6744
7937 1157
9695 6413
849 989
7270 96
1492 7367
3383 3761
4923 890
9249 4984
8768 2671
4215 5457
5131 3395
3129 4048
8905 7326
5627 5676
8944 3203
492 9242
9294 3032
6773 4922
3532 1779
7075 8546
2226 3861
7488 1289
4715 9487
4879 3726
2396 2597
3019 4647
6920 8546
5398 3584
3428 2554
9712 961
7162 2518
2909 9127
2883 4585
5392 6817
8898 814
5974 2297
5485 3109
5385 7571
5156 7281
123 7189
4831 540
1978 2737
2232 4706
6693 5952
9526 7221
3996 3202
653 5165
2030 96
928 5342
9769 9756
5006 6849
9602 9153
2735 9121
6745 5741
1827 6431
1811 2371
6913 8721
1290 1859
9636 225
8640 1841
8951 972
8839 5672
4358 1048
1851 9385
177 2709
8418 867
8100 4803
6163 738
6387 4042
4330 200
3985 8586
7125 508
5554 6677
8808 3095
5065 8722
9501 8883
6376 3726
6025 9093
347 2433
4446 5740
1426 3464
6058 187
8271 736
267 5627
764 8960
5023 3495
2939 2877
1892 6269
6091 8289
5503 8833
5236 7326
3668 2118
2688 3300
4946 3911
1259 3766
8413 7945
9007 8144
1098 9145
605 588
118 4171
749 9446
7214 5203
7796 7869
6076 8204
3982 8361
1060 9238
2595 6272
6150 4759
5038 5360
8183 2391
4474 4890
4716 7645
5066 5574
3069 4221
8174 4018
7907 348
8357 2896
4804 4854
4535 5909
6919 499
2336 3523
7556 3222
6202 9085
8491 5965
2762 26
8620 54
6293 1749
1587 1962
7858 3069
6488 6661
4290 304
3860 1054
6539 8901
3365 561
9187 813
2185 9349
2156 9201
603 649
9279 2616
8260 400
7679 5894
289 7118
1541 6873
6101 2617
9140 2936
3704 8702
9687 1721
6996 6084
6306 3794
696 2564
3317 2158
8673 870
5980 2258
5773 5598
7079 465
4338 7461
5787 9409
9575 916
3075 5405
1809 3970
2553 9006
8420 8092
5976 8293
6808 3650
3471 5003
8344 3099
9434 5835
6841 7864
8364 1470
1998 682
5762 9534
1960 4368
2644 3408
2920 7714
2288 1264
7599 8695
7423 3351
6555 629
4246 6907
3101 2923
3403 2229
90 649
4665 7547
953 9534
9156 2641
681 7296
9765 4670
2536 3088
7001 928
8896 2288
3072 4902
2394 5744
3998 4221
959 7124
8889 7696
4592 5812
7759 1515
1781 2095
3030 407
6243 1647
9045 866
8321 5874
4959 4069
9338 4428
8403 7001
4620 3815
2333 9937
3694 333
6618 8806
2542 2028
5629 5245
4712 904
4940 8897
3156 3185
2353 4430
838 270
9681 9156
2793 60
536 1020
2189 7488
2456 2189
4773 5913
8011 6571
4276 893
4625 2379
2413 5104
6103 3232
7957 2657
3793 225
5951 6033
7791 1481
1407 3004
3314 4222
5592 4731
2138 5851
7276 6501
3630 5420
6144 8782
9428 9401
3037 463
5922 952
7026 4338
7297 7567
5309 3913
6037 1974
2039 7426
8893 1289
380 579
3753 2344
1221 6948
3039 9228
5400 6323
5731 1501
8647 8795
8283 9885
8486 973
1149 1797
3286 212
1900 536
3572 349
9059 5426
1306 9707
9503 8168
7872 9886
9572 7130
305 7732
3910 9652
9586 3157
6701 4536
683 6232
6508 4965
1873 4592
2025 6413
9321 8730
2727 4863
2556 2363
4427 9352
6359 5154
2509 7617
2342 1330
5658 1453
1575 9939
3772 8711
1527 9716
4771 6629
269 2453
8093 331
2482 1243
8909 7078
1766 3450
5328 5212
7087 8260
7576 74
7020 7006
2866 5894
8402 4267
9336 195
4862 3101
6803 6837
7094 8931
5088 7286
8454 9427
633 2697
5747 224
3313 8708
4205 1036
2642 2846
4219 5605
9880 7617
9701 9652
2227 7119
1626 9992
7913 3002
5901 5879
8532 1919
8003 1730
7807 8587
3880 814
5188 7970
9600 9734
8051 8251
2583 3002
5559 4517
8184 4459
9353 7253
3641 6412
5226 796
3522 4224
4785 6760
7116 2456
4094 3776
436 1070
2867 4556
5037 1578
1702 9178
2412 9308
1022 2484
9984 5270
2913 2246
5918 3508
6433 916
7728 7367
2525 2952
1156 8793
2992 4294
57 177
2427 3041
5043 421
1335 270
2758 9961
5062 5260
2181 8182
5609 6365
3485 353
9310 8678
1938 809
621 801
2446 467
3280 5849
1807 5894
740 6650
5105 7995
5970 8682
1283 1253
6 8693
587 3881
8205 6748
7396 7576
1069 7116
5424 5227
1504 6533
6337 1431
2365 8254
5004 6778
8368 2155
4788 4195
7148 5452
4472 7534
5498 803
9865 5038
6333 3482
640 8182
5640 8553
5106 3375
6749 4863
8903 8605
5010 2956
980 3781
1993 3427
7410 9193
8324 9346
3984 6242
3338 2004
6314 316
9054 6365
2977 6888
4406 7603
4869 4424
3929 5039
2439 656
3071 5778
7216 1978
2932 1408
6402 9874
6042 8210
3255 917
9058 4436
6197 4436
8646 7937
9053 4615
756 5376
6968 3231
2053 5598
3122 6874
7268 2948
9480 1652
4360 5160
69 5310
9883 4993
1976 1438
7627 9706
8724 7727
5232 716
6582 9228
9246 1832
2262 919
5806 5746
5018 7226
3819 2229
5222 201
4630 6302
2734 6255
2751 9053
4062 8493
5223 9173
7005 1661
6496 7390
1795 5328
2376 6093
9974 8615
4470 6298
6241 3891
9136 952
1591 4879
6051 7193
5441 4078
83 4669
1419 257
8102 8901
659 6112
666 5680
7827 6169
4485 9196
9331 3507
3237 9390
8924 9715
5868 1820
9302 5445
9583 1301
9117 9589
9416 3734
8955 9139
5911 200
8694 9910
9304 1702
9774 9331
1529 1679
9483 2723
1697 5254
2126 1696
9075 402
5437 2247
9783 6696
804 3732
4540 7861
5141 1834
9795 1446
4607 6906
5536 1263
7223 4454
1425 4850
8138 7700
5144 9506
761 2948
6041 1098
6609 5640
5942 2361
1295 7367
3710 4084
3503 2072
6740 1980
9350 3734
4497 4250
615 5582
2869 1679
9441 6476
1757 120
2090 1334
1800 1872
4056 7700
2017 6849
1222 5373
4058 4119
6712 578
8290 4417
2270 9783
4025 2872
8613 8524
4790 3461
1459 268
1630 4360
9785 7728
2285 591
2800 8708
7922 9744
4689 3288
1332 7244
9496 661
4577 2197
1845 8655
3331 6932
7236 2456
2543 2683
1214 2661
3786 6796
574 8256
7398 7907
3617 3226
1854 2730
7311 9349
6474 8435
4938 9720
2162 4217
3148 3831
8517 4618
4521 5341
1801 187
8759 7723
3398 3640
5381 8399
2614 1170
275 4345
8872 421
5926 2141
1656 3344
2744 8947
9323 1997
5557 4555
3208 4374
3216 190
2710 3676
6054 6874
4146 5522
858 6646
1106 1258
2519 6306
9351 7574
4970 908
4112 4564
4808 3318
7564 3531
3092 7732
103 5273
8512 904
1914 1383
8577 8768
9162 6453
6328 527
6727 1233
3187 3537
9913 436
9833 1580
2868 3471
261 5922
8317 2034
6576 9441
3729 7297
2770 8100
7897 6321
266 7323
1921 9554
9781 5260
3993 8655
7766 3973
1886 3171
1051 2979
2964 1720
2601 5731
9286 2025
3209 8730
7014 6714
7549 8486
3064 3642
1281 144
2040 457
5705 2185
45 9768
2464 5003
2638 9287
4953 8352
4281 3429
8505 6582
8046 340
7022 3665
4846 7937
2035 867
3473 9856
5239 5653
7242 3383
7792 8896
7607 457
1526 7957
17 2417
7695 6782
5514 3244
5921 190
5083 1896
3624 1715
7577 6773
8535 2595
2613 8618
4333 7005
8195 3204
5058 3899
4306 7241
6718 4898
7353 8271
7963 1236
2029 4547
4520 83
2965 6888
594 7169
3142 375
148 563
6842 576
511 9231
3468 3527
7666 8705
2347 3508
607 6510
5120 1418
4594 7688
7735 995
514 4270
8579 6956
2168 5441
5198 2444
4838 1453
6384 3912
9699 7876
3917 5025
9877 6987
9393 9155
5553 9017
5356 1800
7263 9957
4754 1256
6985 832
5984 5707
7609 615
8690 9318
7259 2162
2021 2013
5278 6884
2457 8413
272 6718
1996 4123
6732 7174
6843 5341
7117 7728
4661 6689
3963 8947
5456 1780
8716 9113
4678 2256
8756 1851
5483 3272
7251 9446
7521 1903
5853 5703
3699 2936
2663 1841
2905 6210
2218 3912
6326 6217
692 5710
9507 1729
5541 5242
298 3280
2511 7712
5241 8724
7495 3912
5504 8579
9444 6615
7912 8354
3227 6953
126 9085
5979 5249
2073 7221
2462 1014
1480 9703
8837 1333
1312 988
638 16
5597 4811
5604 8592
5528 6287
6304 3222
955 3951
9615 6362
3149 5430
4481 8678
2755 9324
3078 522
7068 1882
9439 1340
7659 3317
1150 5974
6334 2433
2466 126
8946 1606
2612 2877
2819 2767
8431 6911
119 3970
174 8577
742 160
5858 7616
4317 3544
8275 5198
36 919
3933 9795
52 9541
528 3019
8073 6663
1637 7493
1615 7789
4805 4618
9515 6314
2322 4384
5125 2378
9211 579
8258 8807
1215 951
6040 3584
2366 8073
9183 4571
5809 4995
8382 6091
918 3891
4614 1766
7027 268
5462 1809
3256 1755
7811 1542
3281 7504
5743 5929
1063 1585
3108 3157
8149 2347
8677 5400
5761 7967
2325 5868
780 2457
7425 4668
8772 6163
6225 1143
1284 144
4178 5270
7469 1645
4871 8245
6871 5591
3696 5065
3840 6398
9627 5667
2020 6958
9060 2281
469 6543
8709 1641
9887 100
7254 1564
8582 4204
5446 608
3958 7934
2933 5069
2414 4498
9203 9118
2401 1364
7319 8555
9233 2678
158 120
6316 9315
7837 6066
5453 9327
472 5557
2987 931
788 6263
373 7055
5142 5295
9796 1800
7539 3656
7472 5839
4743 2900
3221 7858
1531 6340
6779 5742
2718 5551
476 2879
725 3119
5302 9236
418 8570
1782 126
4915 5272
8988 9546
2771 160
4823 5598
8816 3069
4188 6913
9391 8519
1502 9946
1320 798
7951 2730
2517 4294
2148 3209
5831 1153
935 9781
7246 2855
8235 3989
524 3020
3336 2274
9827 6018
6173 2040
7184 987
68 1553
2492 9522
6589 9385
4102 1334
1511 1333
7316 4607
9857 9785
6379 5262
6021 1280
6147 3457
4096 8576
6309 6576
6757 8009
5079 4330
7293 6782
1144 2462
4127 5572
9373 5342
2237 6762
5335 1457
5347 9946
8214 6314
6189 3317
5473 7736
1642 9883
9032 3749
9935 7329
4876 193
9148 9468
8877 8759
8322 3407
1368 7666
3205 436
4228 621
9106 1236
6111 1980
9963 5750
2109 6390
7255 7242
1224 6195
9999 9189
1877 9712
8627 8209
3230 3239
6904 8293
3116 8256
2213 3993
643 814
468 8371
7657 347
7030 7423
4686 1802
7100 9000
5107 9493
3626 9501
3418 8988
7090 5909
517 6508
8687 5554
3414 7184
4070 803
9335 5154
7386 7626
9547 4400
7039 2965
260 6147
1951 9768
3539 3253
6029 7112
378 4509
937 8032
6024 1928
723 6333
1404 563
4921 7319
4148 427
4438 3
6252 6868
3466 6747
6260 4573
2687 6922
6541 8457
5623 3753
2167 1318
5186 2661
6775 9880
8977 9738
5774 8149
526 9000
782 5894
7966 5974
6801 2285
2360 3802
5698 2109
7570 1522
2027 7228
4623 9698
4026 4581
9403 8930
8973 9303
9332 4666
9088 2428
4962 9439
5476 7934
4814 5188
4981 4699
7457 104
9039 3715
5968 171
7131 3216
480 2464
3163 8444
4599 4373
9658 7266
5417 692
9683 4330
6559 2455
8241 351
4657 9636
8940 8168
7364 5482
8036 7562
4319 5373
386 6796
8333 1034
3619 3984
7147 6256
9922 4571
9443 6412
7753 4288
624 4709
5846 1766
2993 3258
2898 8469
9739 6390
1790 4744
2050 2110
843 6667
9355 2405
4109 9162
1165 6106
9225 6314
9973 332
8106 1647
3247 5649
2609 3795
7445 4180
8041 7286
4449 2457
4477 5005
1653 386
2858 7549
2959 3011
6915 3860
6435 3272
8498 9401
3887 7960
8027 302
1379 7847
6525 429
2238 3380
4951 4814
8758 9957
3130 1227
1762 5093
8760 4456
5618 1522
4646 2577
8131 3537
9643 3886
6783 7495
339 3735
2209 8705
1819 6703
4691 1136
757 6849
1089 336
9188 7539
7310 6099
2440 3608
8959 3792
1898 7678
1297 3278
7846 5388
3848 6246
7077 9192
9987 9513
679 8555
2490 803
2555 8043
8030 5104
5700 6932
362 9228
704 4308
689 5313
8166 2566
1573 4037
516 7905
3563 8457
9431 4744
5122 2933
3349 5627
5626 6696
641 4319
6308 4461
8121 2267
6296 4368
3804 6911
7121 882
5011 6999
9263 7172
2729 640
822 17
8875 7790
4546 3549
3890 5043
8169 7423
9927 5527
489 2365
4380 4951
3698 1022
7761 4564
4601 9605
488 6661
5002 429
2719 4397
1815 1301
676 4957
6123 4427
4930 809
1775 6706
7515 2342
1271 4898
7209 2727
1066 7082
5506 511
1203 295
1257 4811
53 5300
6355 6646
2886 1060
4182 6754
7955 890
5678 5806
3219 3563
6450 8722
5432 2979
6179 2601
759 7543
2695 5390
5213 8512
7471 1434
1246 2418
4767 2033
8192 464
1794 96
370 5479
1267 3037
9430 3619
5256 5650
4502 827
8147 8352
7126 6508
1946 6342
8876 6922
5068 6453
1196 6884
7141 2007
7060 8685
6628 4204
5054 6423
8558 26
6908 6790
5436 507
1890 432
8142 7244
9448 4618
1546 5979
5720 4195
5799 193
1065 5499
7465 7790
741 8601
7248 2834
1452 2627
6564 6712
4974 6133
5643 3131
2502 2155
7894 7108
6717 5141
2146 5047
6998 9245
6768 4691
9034 2715
4467 3148
8327 3214
1689 2147
2263 7088
5885 2360
8069 9250
493 9045
8667 116
7956 8536
5461 7063
8870 3116
3499 653
6794 3351
6083 4125
9511 5762
5893 5338
5312 4615
631 2030
4545 6615
3981 3380
6648 8544
6819 7075
7406 3203
3139 4939
1120 7696
2145 6323
7557 9461
5115 6334
2471 6762
4190 3122
7106 7495
4885 8207
4337 9460
64 516
73 9388
9368 689
9092 5573
5458 625
5569 8256
6196 4431
9420 1896
567 4322
2386 4731
7979 8056
7481 8667
3598 9575
2906 5591
4071 3447
7052 3403
3969 3913
2806 8353
1868 6846
6214 5954
1535 5858
7303 9970
1439 1739
783 4415
5580 8879
7674 1637
3487 1302
9185 7700
9940 6817
1195 2300
4692 3996
3720 2625
8297 2211
586 2868
6377 6616
513 769
8325 1434
2468 3720
6719 6845
6003 2857
626 6093
1666 2451
9377 8509
739 1293
76 4276
4120 8898
3455 6808
8462 7044
3714 3053
387 370
4027 3699
5329 1900
6518 6453
7355 5278
4128 331
8543 2617
4107 2352
1077 1136
8664 1330
8661 8430
5694 3223
9754 9475
9731 4725
4057 661
8478 4466
4822 9837
6381 2817
3659 8155
9135 4498
1164 555
3279 9238
6664 2575
1583 9117
7197 2649
997 3938
7707 1049
8286 8040
2506 3487
3306 532
5258 8705
2069 6040
8681 3523
7911 528
6130 5618
9311 1656
7046 3283
6695 8587
5187 7864
6909 8258
7058 7827
7478 3524
1880 9408
2080 456
7595 9159
5847 1418
8441 1620
9215 8546
5126 4056
9889 7193
5827 3215
1384 302
754 8093
33 4593
8029 6263
2345 9170
8109 7270
1768 6481
2890 904
5781 9956
3132 4873
6489 5667
137 5437
2667 3973
6862 3995
7345 9602
671 939
1954 133
7089 8004
7594 1391
5758 578
2098 8027
4705 6353
9725 6596
3453 995
6277 5731
141 8803
8061 6300
2747 543
6886 3156
1688 1344
5966 73
3979 6185
4085 149
7379 6953
278 9594
6737 2024
9919 9984
4414 6664
1025 5229
8349 905
5914 9560
4166 2221
2541 5580
4257 5458
5243 7885
7380 6270
8982 8600
5792 8741
9933 4741
1113 1142
545 2970
4936 9104
3031 5458
4770 3130
153 4581
5641 6841
7424 2775
7865 7847
6153 5598
9948 4459
6928 3850
3868 1784
4881 5943
1417 5108
1110 6760
4656 3650
3909 7005
7067 1459
4673 7408
4766 3485
8400 2413
183 3205
8466 9135
2532 7454
6645 4984
4992 7088
9091 716
948 4062
7508 8772
3893 4890
9782 8808
5214 7541
7003 7327
3915 1960
5833 8164
6881 187
1008 8945
8350 9850
1484 8517
4958 2542
7572 631
5790 7678
7651 6309
3242 8806
6418 9373
9693 783
1984 5998
1735 4472
5590 9376
5776 7872
3235 4857
8411 8698
9361 2577
7716 3656
7158 2034
8212 1214
9834 5213
9489 9614
4719 3572
3289 8209
4389 8646
4912 8570
6726 7465
6750 8478
4980 7860
4340 1335
4097 2862
2798 5243
3975 1696
8393 1522
8085 4221
1122 7442
9259 5253
5276 231
8339 3852
6975 190
5501 3658
1037 6083
9771 7286
365 302
8074 2363
7751 4293
7362 1679
7059 5831
8080 7800
7596 8716
1598 8343
6157 480
3538 3464
9068 2798
9858 8009
6301 1858
7056 4471
1669 463
6599 1514
7359 4330
1131 7208
9149 5672
3066 6989
9621 7086
4375 7373
283 659
9399 6984
9568 1736
8965 2877
7411 7063
4582 2255
5949 8907
5336 6475
9317 5576
5510 2710
6806 9193
7619 2537
9714 6423
473 7869
9660 3148
1015 7119
4377 9833
1612 119
1240 8592
6526 9441
8396 4354
2114 9559
2478 6525
1945 9119
1506 6374
9876 1100
2550 914
958 6377
3459 4146
7384 9258
4728 3530
1875 9554
335 5995
3725 5732
208 769
7773 2053
1185 3032
2368 4569
9616 5584
2192 7293
4342 9017
7883 3640
8008 6126
1684 6875
8384 3981
7239 4940
7451 596
2619 1204
4924 3159
5017 7451
3779 8214
4243 5742
3357 2125
6531 4348
2887 9457
6637 9953
85 2719
7633 7562
6804 6554
5139 394
6134 6753
1731 5893
6926 2771
810 7359
818 9756
4399 4670
8912 3540
5375 8700
1443 6488
6848 1612
1168 2416
5843 3002
2310 5045
7180 2734
1621 5689
7257 5818
8873 2678
3638 8418
2689 7045
874 6182
8496 2667
3197 3093
9978 5101
2934 6520
1555 4109
982 2667
7737 129
396 8290
3176 5246
8386 1134
8963 177
1623 5020
280 7322
5407 1527
2341 4871
5367 5480
9438 4938
2495 2793
8765 348
5588 8349
229 9885
5845 8934
1959 8614
2404 362
4835 6306
5529 443
1315 3389
3682 4814
8342 3026
3492 4123
8504 579
7456 6909
8139 3666
6850 6964
6772 5739
6993 4993
1031 4356
4559 3286
8125 3772
5474 5781
4878 2218
3024 4862
1082 4691
5754 2483
7349 7595
6830 3115
7840 2333
9288 8959
4159 6801
4619 1414
3373 3039
1177 7422
806 2715
7083 7585
2763 1749
535 2518
731 3585
7597 8605
7741 6284
792 7728
4460 5170
5280 285
6244 3836
7586 287
7477 2433
2728 3255
3602 5242
3716 9832
6017 2245
6506 3318
3393 9461
1135 5127
3811 7694
11 6276
1111 5849
1682 2135
410 8100
711 5338
234 155
4388 9012
3350 7067
3997 5500
7984 429
3680 9723
5289 7026
2184 2472
3570 9168
4045 3623
1640 5949
6622 2641
5128 6084
6148 1244
4463 9834
6859 2319
6434 1481
2332 3338
2685 4472
6617 6275
6183 622
8936 8729
3102 8418
5167 694
5389 5422
9043 6218
1992 4258
3612 4085
4852 8210
8629 125
8380 9265
830 9609
8058 3429
2188 5049
6939 4736
1670 331
209 3452
1498 5988
2874 6083
6417 2688
6389 173
243 8251
9762 5968
3828 5246
8707 6913
7061 9532
8372 4725
7320 5876
8481 359
9790 4460
3646 5185
6452 1835
4310 8877
1266 1898
8825 3094
9590 2025
6951 7636
1331 3473
984 4602
7918 3985
1056 1326
6072 5548
6561 1575
1503 8940
6573 9346
381 1330
841 2313
3718 7061
811 8505
3451 168
2501 8092
9855 8681
5547 5049
4836 8304
6388 6402
9340 6576
2437 5160
3808 5796
2854 649
8191 5053
2991 803
4487 9963
9073 8350
1381 756
3756 4306
6857 8374
1740 3165
5936 4461
8850 5003
5372 3791
6470 2965
5691 3466
2486 7294
6704 7535
9026 5253
2402 1854
929 9882
9090 4646
9432 9110
5521 8297
5016 5623
8159 2806
1091 7075
7836 1068
663 7331
3285 6225
3353 8082
701 6034
7875 1807
1422 5417
4296 6825
1619 1573
5397 1274
7775 2189
6286 2471
4781 3718
7277 4341
9256 6054
6992 6582
6647 7270
9772 2229
2768 5795
1693 8956
6331 8685
8201 2675
2032 5088
487 4227
9046 6617
2708 1522
4225 2710
5464 4934
8855 3367
6972 5139
3961 2719
7470 457
1671 9408
7496 9731
9674 5253
8588 3786
198 6379
5145 260
9505 6753
3936 4388
1141 8066
766 2267
992 9945
5820 615
5153 4481
9878 2877
976 5901
4482 278
9035 8384
9573 3853
8597 4120
9818 9431
6818 5167
4687 7911
8979 8645
4075 9058
6497 3769
3760 4588
8476 6305
6428 7911
479 8899
6538 4436
6994 6306
4136 6262
7378 3666
954 3561
6154 1782
8520 6849
9176 5347
1947 4644
1857 2007
9210 2962
6713 6167
9807 1382
7832 6065
2149 1782
8745 6557
8547 227
4603 8364
3767 3936
7409 913
1016 5918
7018 8002
8829 5859
7771 1696
9949 5541
9293 2461
5652 756
2551 8558
8134 6740
9297 7937
7328 8715
5786 7188
1132 3995
9219 808
9656 44
3045 7797
7183 8430
3449 4599
3460 8814
1910 111
5059 6296
4810 5148
9181 5778
5920 3464
5934 4691
2350 1555
4769 9245
848 5270
983 3574
7658 3418
8611 5243
3837 1719
7318 7060
1327 5669
4314 7451
3489 2174
5884 7379
9422 7397
9504 4673
8015 9119
8242 6182
7976 5010
8410 1546
2514 9388
6146 2348
4584 9279
4105 4927
307 496
1663 6531
1942 1457
2442 1129
755 5049
2062 7792
2407 5364
4366 6618
9167 4836
4300 7020
323 9623
5028 7331
7497 6305
9808 8021
2648 9782
9283 3280
5217 1938
4241 2520
2624 233
4199 8822
8777 8102
5406 9963
3994 215
9686 723
5829 9665
3419 5581
9103 2900
7948 5155
9122 7295
6910 1173
6715 6282
8140 1730
1493 8036
2424 7543
9277 5002
8506 8807
8563 2337
3121 4414
9747 569
5714 2544
5386 9705
3896 8242
6784 3167
462 9781
7256 524
1305 3122
8828 149
3571 5790
222 6904
9879 5903
4237 190
3136 9887
8277 3974
8941 2158
7185 7493
1352 7625
5882 5799
7330 7465
1405 2644
672 3403
9908 7971
6174 841
1220 1409
6991 373
4043 7239
854 1656
4264 8001
3308 1669
7340 5929
3001 1352
8652 870
8179 1404
1497 4244
1901 5380
5945 3890
2326 1854
322 261
7768 8776
542 8433
9923 5139
7614 3889
5031 8327
2065 8117
6069 8889
6652 1391
3806 4323
9298 2355
593 8816
7929 755
9863 9444
9770 9336
8088 8224
2969 4094
8718 5942
9912 8558
6310 3095
4884 8043
5080 3973
7240 4559
6655 4258
9958 2517
3435 8552
6238 2486
9576 6424
7817 314
12 3936
4926 5144
3112 2624
942 3364
3568 6557
7833 1564
1415 4215
2115 3989
8119 807
7646 9849
20 7256
3904 9874
3436 9940
8122 8972
3080 7102
7779 2407
1126 369
5999 6809
23 9233
7176 9091
1495 6576
7035 881
4046 1281
7053 2185
9936 8841
1738 1153
7433 629
8077 5572
718 489
4956 6211
3246 2675
5664 8985
5826 9732
9222 7741
5413 8781
2743 6134
4134 9361
5326 8036
9909 2316
6802 4546
7337 4915
7862 6539
2422 9222
4897 6998
1706 9390
3416 8131
8932 9737
583 891
2144 1503
1805 7701
1223 8339
7178 44
8585 8158
92 3792
599 8038
7123 6365
5132 5373
4299 7136
7600 1740
6090 402
5205 8290
2166 5902
7941 5087
5948 7516
205 7534
5905 561
3184 4584
7662 1868
7385 3529
4181 4190
1465 7966
5202 2366
5009 7829
368 9009
1686 8263
2810 9831
710 1612
1466 8500
5734 3628
8148 3981
2400 2432
5695 2740
8950 2435
2164 811
9472 9795
2074 4178
3721 1825
826 1428
8732 2090
9235 6971
9400 1253
6080 1457
6721 3421
390 5649
4761 5474
3028 9714
4092 5104
5447 2537
3908 1875
8194 9621
2112 1244
3355 5326
6461 1569
9414 7208
7769 3855
9798 5054
4173 9400
3060 7594
5525 1484
9954 9725
5748 6646
8595 3046
3213 2025
2997 3212
9200 8138
9411 8342
2781 3748
1179 8779
8539 6829
8635 7306
1804 3011
9384 552
3830 3413
3977 773
4510 4221
4745 3331
800 6470
9642 1409
9947 3891
8108 4105
4676 8519
2215 3069
4755 7156
7187 8900
6542 9074
7784 5641
4030 659
7892 5482
4386 7290
8288 8857
139 8615
1448 5120
897 8609
7312 4199
3106 1627
4837 8493
6127 6305
5173 671
4746 6450
397 333
9447 9807
9337 7332
4848 3248
1225 2718
7706 701
7602 4107
8412 4857
458 1090
2298 3837
2372 1850
9360 6189
4150 1686
5157 4569
820 811
9312 285
1767 3088
8394 493
9991 9933
5730 9148
7417 1480
5606 761
4842 250
2865 8341
2591 1126
2885 6496
2282 6818
1944 2365
7740 2965
7211 2141
2239 7912
774 2365
7810 6694
802 5820
2796 6915
2852 9706
9538 6103
1171 8609
6484 7612
8035 9530
5975 9575
4191 5919
6448 2229
1628 1602
4590 2478
5022 8960
273 7970
839 4840
8533 6076
2493 1594
2409 326
4076 1782
3193 6850
9894 5926
157 5253
2876 231
4913 8065
8075 1384
7289 6272
5443 2333
8653 8437
6385 3808
9640 5339
1625 2817
3897 7979
3547 9706
2815 1984
309 4719
3323 6450
77 6926
748 7360
5978 7411
5195 7158
7467 6763
4129 929
9548 5724
3059 7875
1812 5117
1097 8100
4707 2637
1994 1057
8671 8777
7523 4773
721 4188
1865 6755
1019 2251
9018 4564
2438 8595
6364 8469
9789 2340
7013 528
566 6453
5200 2641
2150 5198
4412 5912
3651 5672
3645 3364
636 9483
7444 2333
5599 4934
7758 6956
2253 9640
1392 4427
2756 5474
2328 3108
3269 8713
6823 4502
3946 8008
8922 2247
8742 9112
2980 5432
3509 2913
6867 3602
690 2362
8895 4070
7107 6430
4316 7695
5977 53
3304 1669
8188 4250
9791 1519
1792 7411
1579 7850
4328 7905
9041 2429
9585 100
5466 5820
3622 2149
165 4115
115 9222
8953 1264
1076 9768
4347 918
6464 5186
3972 526
8370 4422
5616 7571
880 6228
3580 7393
9395 6182
5072 3024
109 6994
4248 1090
2448 1628
6392 6614
7975 2665
7050 6775
3444 3383
9146 1118
4999 7612
2041 5178
2835 7707
9252 3503
2240 8938
1581 5072
2097 7797
3500 7471
8674 6603
4642 8623
6102 6850
1936 3613
6821 3973
334 7783
7687 7211
6769 8901
3555 4438
5320 8841
7325 225
2628 9853
3180 8119
4452 5093
2822 3608
2254 1097
9289 7390
4469 6514
5078 2270
5361 4705
3034 1382
3035 5976
7097 9373
4784 6628
3172 9149
4154 8735
9334 3176
107 6331
7877 6304
585 4871
439 3972
65 6886
9743 421
8062 1836
6610 5360
8284 3720
7514 5849
3867 9600
7081 1409
4512 8515
7529 173
1314 2748
1558 7134
7776 2868
3339 1075
8373 4625
8929 1049
5982 5709
1958 8307
9038 7892
9846 2034
8383 9580
2214 1271
5804 5980
4704 283
5607 6911
4151 7026
8113 2389
7605 9923
5682 7380
8858 1929
3277 8769
9036 5934
6486 5754
3014 1368
7559 7859
1421 6474
9932 4568
9619 766
1402 5262
392 7979
1307 8600
1701 7108
5317 8772
1184 3711
3971 9279
6887 757
9842 2544
4918 1541
4932 7703
5502 8532
998 8496
2630 7764
1099 126
6986 5653
8104 5155
7906 4342
1983 3607
6579 3238
7822 5405
7747 9231
2724 820
2535 6272
2571 4981
4223 9263
5352 6956
5958 2755
8648 2237
1038 646
8526 9188
3895 9958
8801 9110
3573 906
1042 2866
5508 7569
2216 1070
4398 924
6702 1526
1593 3305
6940 149
8778 8430
2219 2506
4189 6361
3644 6111
6057 4120
8521 1449
9394 2900
474 7318
7950 1837
9550 5080
9794 8587
1650 3001
4343 8352
8632 1954
8642 1693
8059 3295
9379 8705
9690 9774
8864 6803
383 4601
5215 5682
3797 1603
176 4903
1151 8956
2129 6385
4304 8973
4844 2939
3787 305
878 2621
5777 8245
9704 2537
2265 3094
5891 3060
8545 6908
4830 2265
5814 3282
8527 3625
3479 7913
5608 3310
3824 574
1473 3734
5749 4156
9221 7239
9226 6213
2911 9340
3501 6531
3603 467
3377 2747
7336 8122
75 5747
3424 2911
632 8043
9433 5812
8916 9621
182 5185
2085 5876
1667 5230
4622 8219
8198 6246
2672 3773
5135 8265
9667 4676
8747 4125
1463 174
2943 2256
7582 160
5261 5777
3057 3380
2465 7690
8888 5437
8019 7253
4600 6
1943 1506
8331 8700
7999 5229
9369 5367
2782 9487
654 8105
2060 6291
4947 6898
3559 7735
941 3682
2983 1806
5001 5457
8076 5919
2985 8570
9271 2986
8639 5574
3010 7997
7405 9949
1891 3622
2884 349
204 378
4364 1279
3763 2144
5972 2160
7054 8690
1291 8809
313 9926
3118 8781
4490 3994
9333 5242
4165 6695
2820 9279
8237 9614
4845 8953
1611 2214
6604 8922
8619 3360
7468 2614
7182 5430
2853 7193
3188 2866
3866 8184
5349 4240
61 5239
3649 1277
7533 867
8136 7707
2324 7945
8222 5762
2699 2718
6198 3380
7285 3817
7954 5295
4235 267
9682 7579
6216 2968
8070 3781
3959 7969
9557 7566
619 3970
8495 2285
3901 5327
2469 1968
2633 3975
1298 9215
219 5193
5986 542
2963 9501
8128 7277
5738 4844
7165 1706
611 3538
6061 9044
2449 8138
3334 2992
4063 6757
9916 8204
7676 196
4596 1803
8572 901
775 6369
2888 8834
1999 947
5638 8456
9646 3011
8099 3978
8213 1227
162 3501
7870 5708
8022 2770
3126 2743
6632 7791
4230 469
2217 2577
1231 3025
8252 7119
9067 9636
6943 1315
1288 5203
8743 6664
9727 8324
1200 6527
7635 7209
8197 4398
4799 5919
8957 9770
6227 5124
2476 36
4800 4850
4834 8627
2415 3667
9284 9271
7346 2032
5625 4341
1687 7837
521 3243
6469 5156
5866 7182
934 6479
860 3346
6205 5131
825 5050
7710 3573
8892 1492
7091 2102
1814 4306
6271 4424
8564 8985
8211 8542
9717 988
8196 8576
8494 5069
5898 4805
6357 2040
447 5798
6352 4902
2954 8894
4160 7141
8866 9437
2201 9225
9087 6453
7933 1500
7305 8288
8986 4603
7455 2671
4320 400
3551 4288
164 8119
317 6977
896 9210
1372 3668
4612 7208
8820 2219
8098 5972
3062 9259
2075 6433
999 823
5517 9903
2653 2386
6613 7494
3708 9819
3587 1009
6777 1056
4089 7259
6668 1767
7145 259
1844 7438
8689 7187
6194 4855
8918 5388
5619 6702
6570 2727
8538 9793
1711 704
7110 3574
3445 7409
2780 9796
5365 5759
9584 774
5147 9361
8096 1340
6386 3801
7938 3728
5439 2730
8170 8256
2431 9463
5961 5384
4909 9043
9031 2964
490 4513
1130 5533
5702 8772
1557 4270
7839 870
3200 4830
142 7078
3609 5508
4326 2744
213 581
9208 5144
1205 4128
8365 5482
3465 5011
865 6564
8482 1946
7886 8352
3709 6126
1568 1495
618 9978
3067 6183
5661 3791
2600 6873
9257 9715
2063 2211
151 3429
303 988
4664 4384
9815 4173
2804 1240
9356 1554
4694 5298
2169 7687
6900 8462
1808 6464
9371 7253
3174 4559
66 2543
5646 760
6872 8666
9025 7423
207 2332
3928 6719
5907 1289
628 2879
8608 4362
9884 5131
2996 535
1427 4403
1973 5205
1486 935
1213 3031
5040 9441
7798 7069
6089 5445
1939 5365
7181 5115
7261 3467
360 4678
8090 692
3528 73
6833 4234
8071 8182
3983 2678
1325 4952
413 3239
2643 7033
1024 4470
9198 576
6052 8778
6055 7042
6758 1487
9854 8168
8751 7792
5687 3900
4971 6450
5225 307
2802 3897
1044 6044
352 5239
9767 7688
5133 8687
3614 7966
8167 1305
7947 3001
8087 6573
1824 7768
4124 2865
5085 413
9603 6264
6834 2775
6348 6042
6063 4309
4776 456
5782 144
2357 9401
9746 4915
6483 5309
4067 1130
1273 3136
2096 7750
9673 3035
7949 913
290 7998
9907 9681
6472 240
9260 6940
4036 9060
6149 8886
9809 4238
3440 3528
7887 4594
9678 7635
8581 9451
2587 8342
5 7009
1436 5845
9925 4502
6460 5984
3654 7097
3947 1930
1765 6353
3605 3342
2660 2080
379 1795
9366 8096
7726 9939
5697 3130
4251 1340
7229 9058
9255 5317
3326 4814
434 1706
1941 8036
1753 4204
308 6428
4135 7046
8329 2368
4682 916
9677 7156
9622 7208
6498 9996
7721 392
2111 5720
3526 7562
8323 1198
8669 1811
9776 1216
4796 1657
5686 8773
5369 6433
398 4500
4613 2365
9082 7513
707 8178
4032 5457
6019 1427
7205 9545
143 6491
167 1987
8346 7963
2975 3367
3648 6157
2573 5710
4015 7982
3322 3208
5496 9987
4978 3159
5670 283
8819 8685
6586 8666
2681 141
1174 6762
4363 6213
2789 7158
8684 3658
3988 6741
4408 928
4634 5346
2914 622
9396 1203
6416 7885
3564 6068
3799 7123
2652 8147
6643 7539
1698 43
9495 8797
5537 7301
2460 693
7823 6939
6856 4642
2120 6434
1712 439
4824 780
2479 3753
9152 9036
2383 4962
1756 456
8320 3389
2772 754
6978 3732
1086 6154
3637 6661
4334 384
920 8038
7204 3936
1300 1935
7675 1795
4832 1835
7841 3365
2717 9181
2055 8539
3128 3974
510 3280
700 4740
1528 8721
1975 6439
5269 5859
5675 5333
4172 6539
9270 2614
5610 9786
9030 6754
2056 7068
3146 3093
7210 1522
2373 8983
3337 939
1826 3663
915 9203
8028 298
1848 4432
7101 341
6094 7379
5925 1684
4807 3357
9375 69
147 3547
9604 1633
9980 5891
7664 1418
8300 42
6366 998
9533 9705
501 2237
4518 7148
7762 1729
3236 2519
9057 1182
4423 8742
8388 6460
1255 4981
3675 9447
8823 3561
9735 4389
363 7261
598 9627
131 1630
9620 8403
1321 8260
6583 7123
1292 7045
6200 997
1207 7823
1786 5360
4925 4802
965 2556
1604 701
188 9660
8264 2729
431 2255
7440 9402
8926 4890
6422 6242
5648 2256
4880 3851
1926 6217
9920 4620
7133 8196
3206 3115
4476 3375
3297 3004
8053 5288
3371 1024
3690 7328
3502 7963
2632 1764
4113 588
3406 5047
6827 6481
4315 250
8231 2429
9248 5364
7448 9181
7558 3258
4690 1959
184 1152
4964 7185
4713 8693
311 2357
2654 3953
9343 5147
5102 1648
6229 4210
5685 6197
4815 6084
8292 9249
5478 8431
3548 8080
3470 2071
4839 9242
4019 7548
6250 3802
6371 7621
127 6968
8994 6910
4457 4769
6245 8587
4882 130
2620 9575
6002 5734
1350 9997
186 3819
2107 9174
5252 7798
9806 8615
3316 9200
3506 5452
5690 2923
9990 7664
7464 2801
8228 339
6988 9016
8761 6476
5766 6988
6406 3109
9107 2717
8377 8718
7844 3317
7476 1424
1899 7110
974 5139
8078 6874
2000 9627
577 5457
3262 8652
6226 8595
762 6834
8633 4095
2083 5643
9177 1711
6686 5714
722 980
451 8807
9647 6284
2669 4281
2626 8210
7503 8317
6187 3994
9777 3598
8699 3701
121 643
7717 9153
4949 843
6268 2617
3392 1762
6651 7088
575 1014
1796 1936
9518 275
5946 4406
6545 8212
8584 9188
3533 9939
900 8401
6553 914
8340 3034
559 3795
3504 8353
9624 5758
3505 4375
5321 4883
4894 4547
5279 7775
3517 3794
7103 8519
4099 8204
4899 5619
9551 8793
9407 4510
5091 2793
4336 6925
7016 2112
9519 4731
857 4629
3311 5694
9497 270
1499 7044
4639 5553
5301 7617
7505 3114
9873 2614
3381 2885
2177 1640
7711 4953
831 6821
6670 421
6463 581
1545 198
3922 3551
2314 5453
6600 9978
2058 9503
3074 559
6577 9390
1475 4293
9931 2743
4562 6152
4586 3628
3292 5147
1643 7390
6955 1031
8999 4644
7752 9660
7202 4105
6854 1920
7129 716
3712 4123
7431 3028
6759 7617
4263 3749
6086 9044
932 8353
1964 8259
785 2085
1018 9353
9109 186
4841 5059
491 9693
3826 5629
6507 2763
2103 1352
145 7501
886 6667
2589 7138
9473 5441
6891 368
6950 7289
2927 9507
975 3327
7315 8747
1365 1706
2505 9336
3515 1985
3368 4154
1354 341
6312 6348
3992 5280
7260 4623
743 4540
7973 484
4570 8260
5642 2643
2783 3504
3166 2024
232 2082
7821 8109
5489 1945
4161 2098
3557 7763
395 1683
5358 1782
4064 1901
9296 4109
1631 7697
1571 2141
571 208
4758 1851
3478 4830
6449 2709
9076 9980
3948 1300
4245 5083
2809 3381
8723 9511
3263 5457
616 5020
5751 2936
6311 4599
2769 620
2068 7682
3759 5874
485 6284
122 676
2790 2413
1167 2082
5663 5020
6419 754
8347 3613
1072 1421
4679 7478
5752 4705
1269 1214
8603 2239
2309 6453
9254 9480
6587 499
9508 7405
5119 6112
128 8019
9098 5522
6893 5027
1518 2379
5666 1962
1879 8841
277 9231
2848 208
5382 6479
2545 7928
2220 599
8240 3681
9131 5446
3143 8363
4680 2092
5026 2268
5412 6412
7530 736
1158 250
2711 5040
146 694
3672 5404
8966 3239
1186 8645
3008 5898
7224 4459
8190 5058
853 9255
5275 2362
8047 5400
7500 6334
6515 8829
9890 9058
9669 5572
910 5974
3960 9510
8499 6487
3483 913
9467 2391
3745 591
8110 3236
1544 3526
9116 257
8337 6323
5486 7289
6844 3167
3096 3385
4396 4467
4864 7046
2526 616
9969 259
4111 706
3065 7694
7692 2390
8958 9391
3241 4805
2223 1156
969 3203
8991 7539
8540 229
6511 4466
252 1207
2576 3772
3864 6296
5938 6367
2191 2083
5887 6660
3777 2245
3743 1300
7871 5031
9606 820
4730 5364
9137 7258
5924 6539
8750 1171
946 4650
8621 5357
5816 183
6444 575
7890 3478
4429 3215
9138 8152
7903 6101
2629 2060
2738 9281
8845 6298
1287 4097
9345 9670
2170 4790
7324 939
856 8283
3512 7204
1948 5747
5593 3536
2849 8092
1175 4204
399 2114
1751 4996
9064 6712
8311 7322
1247 1736
7012 9919
2269 3285
5797 8424
5311 5457
9048 7295
6050 3482
7745 1997
8939 3571
8414 4546
5570 6538
8636 2834
9381 7600
4853 2804
2805 4556
9803 276
1549 5072
3369 131
9077 7349
5910 7315
3805 748
4558 1826
6666 5017
6039 2520
1374 8795
630 9824
4997 7807
6624 6886
5216 3572
5718 932
1053 8784
3082 5369
2707 56
8415 1599
5495 1583
2421 4408
8405 7721
7198 588
4116 8852
7914 2723
8268 992
3957 3473
6048 5899
2066 7141
6880 741
4131 305
5184 4854
8840 6605
1718 7872
1853 9859
2957 4027
4177 9827
2794 5453
6897 8140
8638 8999
1991 3908
3110 1792
1885 2005
97 8649
3566 8903
4152 9788
9565 2041
2623 4613
6621 73
2093 6352
6318 9311
4576 6597
6788 7523
9595 1570
2498 6948
5337 7526
6591 1434
1464 8237
1932 1155
2682 1923
4757 2595
5830 9586
3446 3209
6789 8855
1595 7393
990 3984
966 7100
4247 8415
9817 6086
4617 1014
7611 3053
4462 9560
7879 7658
2966 8894
4891 9297
2726 3515
3189 3017
7629 924
2705 7710
9637 6130
440 9044
6861 3549
8737 137
9694 38
9915 8543
9442 3513
8660 6139
3688 316
6669 5529
9914 6318
7267 2646
1104 1515
6565 533
4649 5744
5644 8966
5263 9882
5421 3448
4928 738
8557 6405
2143 8358
8928 6291
4789 94
7926 7522
1261 4858
2377 4802
8391 6218
4447 2376
5325 3283
3038 4521
9657 6072
389 4234
5992 4063
6791 9248
497 7706
8107 2644
7231 1780
729 7405
8838 9554
699 7045
3103 9714
2588 5644
7644 6788
2530 259
979 2643
9668 1258
8348 915
1532 2663
778 3966
7693 6542
9275 2744
7163 6870
6009 8955
5387 6623
8725 9930
7341 7063
985 2398
6391 5995
1867 9026
7672 9878
1308 9246
299 9032
8910 5606
372 6063
6096 1987
7669 9465
1685 2376
8417 4855
7024 9232
1401 4386
3384 1569
406 9933
5515 796
7580 9294
5307 8403
3267 8992
3186 9317
2299 8259
3352 2253
4137 2064
1601 902
4008 9813
3431 3501
8766 914
3606 9219
2434 7444
3945 3864
523 3447
4455 5937
3430 9937
4495 3433
1370 4722
294 8972
1846 7204
7350 5102
1726 1424
9778 3059
502 238
1169 1530
2338 6951
4005 893
4426 6377
8502 9935
2134 2017
361 1452
5645 3949
3740 7615
2264 383
9517 3156
909 2150
5319 3165
5151 4666
4829 7914
2397 8656
1690 6614
8253 6037
8568 759
6087 9595
8923 2515
3647 2926
2131 1506
3299 5203
293 1554
9101 1044
1116 391
3632 383
4817 6618
6036 5506
8746 6422
5235 6247
2043 9502
4254 9402
5556 2919
9663 5819
7271 1701
2381 7242
7965 9557
6513 9767
2222 4965
9268 3445
9593 7522
6324 3860
4611 7567
6409 8879
1855 6587
2194 8146
733 7311
7038 1018
7738 2112
4061 8831
6770 2210
9367 9340
7848 7570
3127 8240
6188 1735
7702 1812
7159 4011
8906 9442
2089 2585
3439 9820
202 9894
5586 2232
7772 7840
5323 1991
9477 472
8534 5608
3390 2115
613 9850
8885 5479
8432 3053
6626 6972
2777 8174
6551 1123
6625 8011
8799 857
4060 1587
2990 8077
6598 8939
1347 6926
5967 9829
1078 4712
3089 5722
99 8056
789 8778
5793 9675
7485 7726
9033 581
9748 9495
7507 9399
7109 4549
6234 3828
1894 869
4413 6891
393 1266
9452 9361
9291 5938
6914 4467
1547 7707
5526 6640
9802 2913
674 7013
9962 7290
5566 1025
5218 7378
6528 8491
2038 1541
5683 4682
8607 2648
2473 5289
9661 5106
6761 5006
3366 2197
2813 4137
2788 289
9645 1439
5075 3778
4739 7694
9730 2874
4798 4992
9080 8085
703 6777
2335 6953
899 3092
3627 3859
5477 9600
9205 8855
6588 6264
172 6047
9826 9387
1884 8462
5014 3953
4801 237
4961 3318
5971 1366
3063 5722
6585 4661
7041 3566
5402 9449
8832 6242
2187 5644
4756 3013
5805 5021
8962 8377
9942 2239
8442 2896
5112 5232
4039 6204
7927 8164
7980 427
3491 8647
4565 5761
5568 6235
7354 7425
7395 3209
719 1132
1521 2540
3770 8111
1538 9727
2124 6009
4529 7294
7691 3656
2766 1769
5900 1867
647 711
1349 6310
2212 6236
1632 9939
2019 2238
4816 7276
4507 6915
4675 7566
9272 6999
2369 9153
568 130
8335 5774
3484 6775
9751 7956
3511 4764
2664 5273
4194 1520
9108 7912
4169 7489
644 2170
4006 9677
8740 4707
5612 4700
1357 8307
7402 5851
175 1332
4291 3562
2140 4384
2015 4716
2430 1593
658 5675
3594 5805
4710 1997
6781 246
7671 7931
2048 7483
159 7800
8243 701
8961 8021
1361 7250
9157 7999
330 2422
627 1374
6480 3929
9544 2872
3154 6806
7096 3512
2504 198
1371 9385
2875 3258
791 1164
1588 3769
7368 3453
3941 8090
1403 3188
1607 3174
9299 2601
3456 6753
991 9879
5877 3207
3480 4603
4404 5743
829 4063
6000 94
7988 6866
3399 2326
4496 6505
5394 3366
105 3447
2778 8283
3884 1800
4352 4602
8133 8398
1105 9557
3251 5562
9440 7714
589 5586
5138 8845
539 641
9456 6835
8710 4680
5564 9912
9217 5851
6509 4992
5308 7504
7404 9139
1010 5773
8948 9303
4944 8993
8726 3504
9274 1801
970 4422
3083 8539
2650 9017
55 3638
519 9472
8881 9705
3370 8466
2052 2383
180 4237
2128 7579
216 5314
4723 9831
7338 9974
1597 3421
547 4649
2746 5050
1410 1501
642 3837
3835 8026
7475 1777
2944 3804
9363 8828
5370 2401
2910 3758
286 72
2059 5761
4763 3468
1102 4190
7098 6600
6851 6008
6332 3922
9424 9317
1957 2511
7560 3309
4367 7875
1512 4191
4378 5
3943 6980
5255 5919
6351 7741
6459 4833
5428 9107
9691 5598
6137 6398
6630 14
8385 7827
7152 9323
4967 642
1108 3624
6853 7248
6709 7129
7192 6066
923 294
7573 3836
2572 3605
2605 2805
4297 788
4331 9645
2895 7276
5756 9373
5542 6852
912 4313
7084 7110
1342 1195
3252 4409
4627 4225
4636 4599
7760 7846
6725 7771
2845 749
2636 1805
9696 7182
3144 2504
8216 8808
3151 5790
5863 9864
6082 2530
1360 5860
9069 6308
2463 3981
5836 5106
5345 9007
7392 6812
1339 6794
3967 3220
5837 9516
8249 3018
6785 932
8528 9119
9711 1627
6724 6667
2686 1985
5565 3382
9599 6777
4724 8948
7284 5952
8908 4565
6258 9505
7592 2420
6707 234
6916 575
2474 4634
8719 9720
1839 2479
1831 5152
8596 5267
8871 200
9571 5517
5331 1980
5794 1603
8952 2633
2321 2822
9282 8761
6356 2822
3639 298
6544 1827
3191 7457
9971 1391
7958 9752
2248 6102
5423 4558
3514 1175
6739 8888
595 2762
9810 9644
93 3375
7347 3756
3905 3096
7919 1129
6350 5480
5964 2780
3441 7166
6976 3063
2807 6690
5316 2184
2008 1607
1041 2900
9995 5214
3271 9655
5274 7119
150 8905
2831 3524
6665 2321
7637 3981
9901 4964
4900 7010
89 5686
6249 8814
3374 7408
5727 4771
5189 6287
3488 5416
5681 6967
3340 227
3697 7674
2881 2029
1162 6217
859 6323
7555 9623
6795 4961
7680 1825
7387 8613
4851 7693
8120 6018
2233 4071
4826 4885
8439 7966
4780 7938
6143 2258
1963 4823
6656 3694
7190 4240
9512 8073
9631 4826
797 561
6122 349
7073 8012
5158 7304
7584 9802
4053 3374
9672 2144
8016 8292
4820 6034
9634 7625
7739 5854
6547 8347
82 1136
3684 3350
5304 1891
777 3511
2106 8782
2548 7776
9214 7109
3611 2770
3519 6921
1211 4723
1881 1070
7484 7315
3700 7026
3976 2423
301 8200
9587 2681
1608 8493
6158 8529
8 8051
2272 4836
8492 3272
1727 1980
7021 4811
5096 7512
6184 9662
1252 7796
7765 1841
1210 6903
5454 8906
4350 6549
2704 596
5172 8418
8057 9832
9029 6637
3426 8844
3847 9292
4671 7758
4138 3836
5041 1647
6901 3392
5871 8778
4439 591
3586 208
4052 3277
9158 9227
2580 9933
9800 1082
9944 2027
5035 2350
1228 1306
5481 5709
529 9856
8736 848
8306 947
1355 5854
112 4152
279 1526
6657 8814
3217 8953
5852 5746
3294 5224
4525 7938
9941 2226
565 7239
6062 9628
7498 5666
4554 4668
2499 9468
7952 9033
4714 5739
9142 51
9611 4759
8422 7176
5396 4403
1107 3267
8045 43
1760 6947
2425 6955
2436 4608
5721 992
6902 9542
4493 5213
4677 6606
8518 7679
7220 2030
8434 7050
8281 2505
5220 5499
2521 7522
8727 3807
8089 4415
6219 3222
5933 3724
8859 1812
1092 8745
9143 1036
2452 9730
5209 8205
2764 6081
2480 1298
3604 9162
7924 380
6115 3760
7164 3441
8369 2079
2901 7749
8267 9945
2713 6387
9261 2238
2157 464
1651 8002
449 1926
2752 3393
7993 104
3687 8889
8287 3799
318 7960
5169 9167
470 8784
2739 5847
3629 9678
4663 3463
875 7622
6556 5218
6456 4291
274 3440
7794 2230
6222 2264
4867 3612
7348 1280
1467 7530
6441 5087
8574 7707
3926 1506
871 1025
1491 5371
1743 9265
7754 1319
4977 4816
2703 7718
9567 6686
9213 6513
604 5669
5134 7672
255 4055
9313 4840
2057 7078
8562 9699
1005 5657
4 1204
3575 5002
1707 3677
7170 9846
5210 7189
7655 7721
7413 5480
7854 1246
5487 6610
5602 2966
9536 8866
4732 9116
2228 2774
7247 4914
2275 1729
4066 9248
170 1931
5655 449
4972 9088
9917 5792
9537 9551
1052 4153
6160 637
5348 6910
6142 3106
8157 9727
9845 8878
6016 6474
4544 1659
1789 3470
4632 5423
9700 209
5985 5277
2266 7800
1988 55
2331 9044
5164 3212
1238 137
877 7921
8305 8652
1071 2442
3764 8040
3857 9177
2725 3501
7449 1867
1385 9215
9649 1042
9329 6084
3727 7461
6120 6887
5600 2157
2666 5611
6493 3708
5438 5369
8874 1878
4779 7180
3560 7921
9359 6893
6847 3172
8467 4457
7816 4300
2656 6292
7528 6573
4887 636
7642 8313
712 4063
4524 1564
6787 7821
1750 9820
4040 4386
556 5860
9454 4399
3182 2914
862 931
9582 5101
5305 6549
5019 3206
7788 954
7317 7544
6432 4449
1013 7190
5507 4783
850 2831
8129 90
2385 7457
5587 6359
7300 4063
1517 3767
214 8506
812 1108
3052 4057
2960 6851
6118 7971
2823 4113
9124 534
673 2621
9684 8673
597 4493
3661 5790
1468 9156
4202 9497
3771 4389
2123 4867
1109 9350
7029 6971
1447 2009
7376 8690
2557 4105
5399 7010
2812 9510
8914 8963
4979 6994
3155 8515
161 7055
8846 4102
4908 861
6731 221
5677 2072
2922 7424
1925 1930
8813 2909
2323 7523
8805 897
3581 4746
1242 3368
8392 9762
6209 6792
7479 9658
9314 7174
5723 8026
3496 5640
634 8104
6865 2935
6471 2137
7435 6381
4256 5133
226 6754
9027 8910
5048 184
7742 4019
2698 7721
3173 1653
1574 1498
7748 8707
6140 1069
8464 6767
688 4956
2088 6509
7358 8504
4504 6859
7135 649
7631 5743
7641 446
3329 6081
4750 2362
4760 4389
6457 8062
5344 5943
2712 8848
1450 5595
4986 827
3134 4005
8132 5072
4285 1661
1692 2985
7624 2594
8039 770
784 5053
8025 7190
9491 8258
6890 6777
3939 941
8236 4058
4091 8489
7352 8259
9869 7676
1724 3946
7981 7109
4542 8113
3073 6964
4775 2611
602 9432
8244 9202
3177 9403
3394 9860
5583 8906
8706 2911
3686 9310
8670 3446
2757 3034
9983 7859
2393 4803
1201 257
9729 7165
8830 3564
1866 100
9191 1597
1012 7247
7432 657
9861 9794
4009 209
4458 1811
10 6888
9905 6301
1032 3440
6503 9870
8395 6786
3319 93
2459 3694
7458 7997
2765 9260
6568 9614
9650 7981
358 5421
9967 8348
4437 8144
3043 4005
8804 2288
9344 8127
4508 2488
114 7986
1982 262
6215 4758
6007 6189
1722 1048
6935 2118
7853 5727
3955 8278
9654 1152
5765 2316
2 8973
1917 3507
6832 1693
4597 180
7072 1263
1058 1805
686 7458
1023 8537
7225 982
6960 8964
5089 7145
7744 4545
5183 6577
3091 3817
2356 8289
2403 6717
2754 1133
2304 5396
6320 6632
4311 3740
7120 9487
1050 3523
5318 7746
9008 3436
5290 7979
1876 8210
2276 2239
9900 1138
3276 158
2023 8557
4249 998
7173 1469
178 6239
4982 1594
2873 3519
3086 9752
3545 5911
1002 3641
6973 1387
7552 3357
3362 9673
7667 783
6552 2887
6023 1805
7062 6024
6060 8742
3932 3980
6004 9265
6966 8500
7019 1720
8488 5011
2443 8669
5745 3317
1680 4299
4553 7374
6957 7521
4255 1674
2690 2226
4987 3899
4499 4396
6078 7508
6319 5757
3175 5261
203 2835
6109 4721
3137 3909
1458 6841
1490 4111
4229 6955
4441 3909
2842 9219
4298 7477
7881 6950
9692 5251
560 5608
34 396
7466 9201
6771 4161
5118 2703
7154 5277
8868 4403
9276 455
5614 7326
3521 2378
5149 896
1989 7929
8477 6469
8475 7729
6641 5557
3689 5488
8680 5799
1226 8231
3552 3426
4157 3486
9182 7616
3462 8519
705 317
8483 4730
5359 6169
1967 3524
7604 8323
5665 7907
2899 7086
1423 7609
5082 5458
7685 4490
9847 9572
7333 425
1654 679
7137 5754
3162 5745
7037 4845
5324 7533
5928 5243
9197 1947
4875 2927
3723 6551
9132 4166
7429 4885
364 3607
4054 2664
4701 2424
898 2233
580 421
2732 7624
8835 4137
5545 7
19 8156
7437 4600
7099 2705
6698 3202
9955 3793
3051 3992
3862 6192
3150 3480
8017 899
5662 886
9898 3306
2590 6698
4942 2603
3147 8669
2329 1811
2586 4830
5596 9949
3133 6226
650 3017
5100 4484
1441 2776
1212 4687
91 8648
2533 4469
728 2465
3270 4223
7781 6827
8757 1415
7545 7101
669 423
3923 9039
4631 3109
4703 8200
6098 7508
751 1543
1047 6907
3379 6887
1234 4298
3588 3006
8185 7323
7245 3127
9697 2168
7490 9869
1916 820
8701 7152
9065 2522
558 5018
9056 2711
1397 2420
5585 6712
9613 562
4122 5793
776 1439
2491 5028
8501 2134
6965 7600
2662 6075
6010 6996
5071 3830
1933 4399
2982 7338
3800 6985
5340 9930
1972 3867
3410 8210
7002 6507
5332 8782
2844 9225
8578 2917
4893 8039
1913 2633
3363 8763
4004 8347
242 9422
9972 1240
3616 3363
2046 4694
3635 2005
8445 317
6335 333
1309 1600
6879 942
9001 3026
3417 100
9492 607
720 7322
4279 3629
3055 9891
7888 9085
9470 1959
9230 7338
8594 2920
8272 9495
1265 2997
5201 5071
2481 4850
2315 3423
3090 1323
1634 9496
3898 7817
8257 8709
1552 5034
8318 7741
6315 2096
5862 4149
4523 1884
8630 5849
6136 3958
1915 9898
7441 4266
2305 9035
2154 2663
4483 76
2496 8910
9358 2944
6710 8504
9897 9043
5287 7764
5191 8297
5878 801
8376 8320
855 6959
2406 2422
4888 2377
7632 3162
15 1749
1524 3637
9383 4472
1386 9104
3168 4508
1358 233
371 2333
7719 8088
8591 9926
9115 266
6294 4230
2026 1374
416 5037
2234 1381
5366 5898
7550 9798
2359 3078
9052 328
5429 7837
1001 7434
5076 8568
3775 2254
5890 6247
8817 8499
4207 7945
1863 4461
6233 4842
1375 906
5175 5551
5029 4573
8810 4902
6436 5510
7647 6384
7849 6559
3225 1954
7663 1535
1664 7312
2070 3176
2037 8185
4211 9498
846 4082
5981 247
6128 7666
1341 99
4179 4903
7704 4110
5561 7750
9811 7894
8266 2484
355 4417
815 8119
7873 4477
6073 1444
6885 5500
5674 8555
8172 6727
5240 3295
9014 1647
2205 3186
7167 8964
1556 1347
3812 4313
6619 115
6815 216
3634 8638
8884 9543
8749 7796
3332 6496
4655 5924
994 5544
5571 2654
5617 4912
2301 6745
2947 3761
7689 8003
9867 8052
1317 3487
7587 4092
3534 3244
8472 8223
5895 3171
2136 7486
8225 2336
1488 5948
2787 224
1093 3997
3254 7255
2054 4744
505 2944
1810 130
9659 4612
4861 6366
9204 5473
3825 106
7252 6510
6738 5599
1035 722
4167 3684
2450 6542
8703 9468
7813 9020
6681 1946
8217 5332
228 8982
968 9089
3744 2670
8465 6625
5780 4915
1658 1983
5558 1496
2503 776
4000 307
7222 309
4660 331
3401 5862
9128 3095
3788 9472
8421 4901
3183 3687
4209 7879
4587 7542
9485 114
7818 1473
8644 4622
5560 6182
3023 2867
245 5788
327 4172
9823 7528
6404 9329
828 8032
531 1133
9598 8860
2559 4759
6937 3688
1829 9321
2803 5933
7371 5525
8599 8284
4355 2128
4969 2847
1454 5200
8294 5319
9816 3271
1699 2625
4659 5958
7900 4061
1728 4546
1367 1952
4021 594
9726 5202
8248 4592
863 2332
3888 1010
4943 6777
2294 9712
6797 9524
5351 3357
4130 3003
8541 1809
5463 4222
2811 8219
2978 1896
6141 8225
8851 9142
2099 5961
5121 8878
4163 3233
8748 3605
3863 5076
7015 893
3579 7498
5450 6604
4200 2094
8625 3431
9450 2455
3755 638
5811 6221
9959 1659
4278 8231
6005 5826
2880 6461
7047 9346
5647 5239
25 9315
9476 934
7901 1871
256 2794
6816 7761
9392 3270
8095 754
5753 3947
6110 5376
3194 5958
8692 2701
9685 1066
7057 2223
8459 104
758 1936
2042 3830
6734 2660
5491 8073
6181 6955
9147 7693
2513 4763
6273 6307
6175 1768
1770 5849
9921 2337
5953 7533
2207 2775
5969 5457
4916 2386
1125 4889
1694 9100
478 4275
6380 6958
2244 1990
3302 9138
6135 277
9577 6474
2119 720
6085 3753
4185 1561
3546 2630
4672 9446
4491 5898
9478 1569
9918 4942
3768 7113
9285 6911
9679 7126
3494 823
3050 7955
3321 8146
2241 2507
2196 447
8338 9143
1733 322
2668 6745
2598 2383
2976 3758
7851 5907
8063 4424
3345 446
6983 3334
7565 5518
4566 882
7369 4863
6107 8388
677 7828
3679 5647
3737 1607
3250 3346
6400 7972
8943 7077
4610 5606
9525 2168
765 4758
7757 757
3358 2881
2117 9636
4685 9388
7375 966
1883 1990
3813 4666
6776 3068
6079 8179
6678 3146
2375 8478
5546 7264
8791 4814
4411 9745
8802 8430
7962 9680
7351 7846
5259 9991
851 5687
1396 1075
3685 7560
8720 1612
6251 3060
185 3941
460 1765
714 2621
9330 9858
4717 7710
3111 6690
7802 3806
7884 6891
5957 9106
3877 9343
6117 8564
8126 2631
345 4438
5334 5641
9199 6689
5294 7951
6177 868
4003 7353
6590 9306
956 7911
5803 3769
7540 9573
9520 7105
9099 4400
8789 8060
6442 3891
3179 121
8186 7926
7777 1201
4681 4523
4016 100
4033 4857
7366 1916
6070 2363
6248 4694
847 2421
8130 2024
2307 2787
8020 9222
8637 6851
9866 3216
8981 1487
8593 2342
3592 5952
708 2474
6522 4137
3705 8266
9453 3842
5465 7609
2552 2711
8044 3656
6896 2267
4072 917
8567 4458
1338 3060
2084 3548
6132 2471
7730 5396
9455 749
3739 1255
8990 396
5440 6841
4749 10
5024 7284
6682 9148
9425 148
424 5911
4963 5224
6370 9457
1572 706
9835 3046
2814 3071
154 1574
5622 3877
651 4773
7048 8017
2791 4903
3816 2341
9429 7285
6735 8600
321 1199
6295 4377
2584 1068
3432 4871
4589 5627
8315 2670
2634 5942
1813 5168
4806 6887
5771 6106
4653 2322
9588 4592
8239 390
9630 8504
2067 8620
2946 2920
7249 4734
4975 8852
1646 9188
5435 4054
4022 3142
1380 2259
4303 6738
2851 8801
9365 5979
1270 2097
1559 3121
2836 9636
1416 7323
1101 1794
4515 4672
2622 3836
9601 9431
724 3276
9386 4603
5633 9489
3033 7472
8927 8375
8345 2466
4093 4555
6425 8176
1451 2263
9290 632
2974 4670
4738 7594
949 5557
3589 1217
1725 4680
6855 6634
8770 3394
4405 9675
3229 4901
5635 8899
6924 8968
3123 2875
4905 2281
8937 5267
1508 8252
5391 4596
2816 8526
2047 9832
834 7585
8490 4970
648 1340
9339 2061
3437 6565
1114 6994
9500 3503
3693 3425
4989 8932
9608 2228
288 9384
9792 8207
1483 1631
3601 1800
415 1559
9179 8170
805 4772
1006 1028
3296 2898
5077 5554
3458 8408
6863 1279
4421 7256
1655 137
5179 6015
4035 782
5368 4620
7583 5377
1260 4342
8989 4845
4931 434
2706 3407
1610 4334
7715 7726
9719 1168
7132 9567
6990 9933
8428 3132
6223 3133
1536 3377
2410 8292
5000 5190
2419 4852
8423 5207
9278 4134
5292 2739
1235 4492
9126 1118
8798 8993
8221 4373
8332 9311
8665 7486
4786 1474
7399 7682
9718 6205
9574 8275
1860 9900
9047 9335
6751 9604
7066 9798
3290 3709
573 8182
3937 9411
9084 1289
6680 5235
1979 4863
2286 7813
8461 2134
7095 9984
9862 8486
8049 8613
2293 1317
7280 2810
2733 9133
4132 3638
7383 9606
8976 9704
8226 1358
1956 6534
2182 3381
7578 6068
2607 3431
1046 1482
1922 8124
4286 6972
2370 5350
4533 6326
2173 2286
8714 4291
7842 8972
5052 4367
4998 4070
9758 4044
9804 4280
4468 9205
8298 1811
7031 9077
7115 6029
4532 9902
9445 332
5861 3609
5822 8052
9415 5456
6895 5497
5963 6498
2570 5155
4346 9588
3124 6786
1096 6479
4361 1518
8561 3414
8919 3709
7206 6340
6708 6731
6858 8957
7363 8349
3079 901
8115 3430
87 5936
7427 3344
2334 4728
428 2777
6944 6593
9206 4004
4892 961
5939 8621
572 1987
1904 4769
7439 4754
7920 3316
2190 1347
551 2340
3878 8685
7830 7416
7803 1252
1672 3698
7590 1123
5046 6282
6097 8993
8308 9796
7698 9606
6477 8809
63 6761
108 5290
9779 7871
4877 7214
5171 2927
726 9903
4117 7541
7893 3279
6567 6156
2645 7277
3865 9534
7287 5202
5197 9902
6688 7816
7531 3988
5915 3217
9171 580
6798 1519
5523 4779
265 3513
5433 4456
2828 1421
8887 1778
7217 1113
4001 9389
9639 3355
8299 7035
385 6976
448 6040
6440 9152
8406 8901
49 934
7809 4779
3783 7188
8786 8776
9237 5117
5706 490
4486 4317
8971 5675
6838 6187
5472 4734
5983 3472
6970 725
7639 5422
194 2960
2349 3608
3273 1661
1776 569
3516 608
4425 3709
8762 4687
8522 2316
3211 7773
8626 236
3411 9632
7462 3988
1842 3619
7127 2187
5505 8595
3415 4927
5401 2293
8827 4368
4591 5718
7977 4901
8314 9302
8654 5183
4563 9384
6532 9276
1759 6116
7806 3857
3784 6696
6341 5327
5688 2023
8774 4882
2283 5428
903 4595
249 547
8114 5866
7459 4157
1744 6977
1704 4882
7299 6940
8967 2611
3104 4005
2870 5983
1638 3704
292 7984
2742 7764
962 470
9570 4694
6095 3438
5810 1682
6933 2876
3029 1594
8508 5041
768 2975
132 3479
3669 9504
2091 8340
7902 3982
1324 8634
4357 8322
8598 3943
1833 5782
2889 9430
5395 2038
6465 5245
1986 8204
7157 3163
2031 8656
8023 2148
9906 9388
2893 2803
2912 5986
5828 3831
5490 3721
9380 3696
4434 4177
2578 2778
5494 3783
81 9356
344 492
734 5547
5110 4888
5534 6306
9049 6685
1442 9996
5136 6100
445 2479
2527 6770
9316 2042
220 6047
2761 604
7648 2172
2303 1097
4812 3572
8367 9738
2988 5925
4170 1913
3920 1803
7272 8234
2825 8365
2132 2653
2441 9141
8549 8645
6178 9693
1348 6993
3774 2776
3320 4515
8651 8375
833 4838
3056 3455
8744 1012
6368 2210
4598 5212
6799 7738
7812 550
2351 6259
3869 6577
7025 6794
8086 9705
2374 5072
230 8411
253 3624
695 5702
8463 5980
4762 3103
6831 4670
5013 8678
1378 8242
3892 7702
435 9879
957 2492
8503 8917
5736 7249
7882 9942
7985 103
6224 5789
1660 2038
4531 3650
9114 802
4216 6686
9617 7937
4895 1360
4825 899
9405 3180
8497 3078
350 2233
1761 7126
6119 2110
3990 8453
9852 3126
9459 9884
7043 7510
4638 7821
2199 5158
9581 5283
9488 5654
864 4576
27 17
6074 8144
8037 5087
6027 6356
5471 7110
6602 6068
4633 5724
6691 9748
2592 5766
1208 3951
2231 6229
5519 8536
1970 3750
4118 8509
22 9826
3872 2886
4742 5836
3569 222
2163 9603
617 3716
9466 9798
1030 7694
2795 9643
3541 3745
3049 3823
9322 9453
2179 7157
7814 1729
675 5450
357 4738
845 4149
7953 7842
1635 4810
6722 712
2859 7042
4034 3701
9592 7613
4872 6003
9097 3138
1081 4138
7412 8459
8302 9810
3927 1891
5735 560
7388 6708
7144 4668
3315 7487
5620 2024
660 6009
7446 4333
7161 4652
134 2575
6673 4412
3695 3994
3885 7597
6322 126
7770 9508
8890 4356
9481 6910
8359 9242
3378 1922
4433 294
6627 1320
8151 1698
2523 97
9253 2844
9766 2024
2076 167
5552 1349
4948 5790
2691 112
1677 3861
709 3542
1194 856
5248 6079
824 1939
7309 9173
5081 6922
9981 8097
9523 3918
9911 9140
9305 2926
8366 7148
6190 183
554 4466
4443 5650
9435 4230
8018 6545
1237 8402
210 6297
9247 587
6574 2322
4548 7567
2736 6815
4751 7054
5090 4772
9300 7933
4606 213
319 8572
5434 4003
3301 149
5917 5685
8355 1375
8452 2434
3730 657
4387 7460
9022 5331
7683 8217
4572 6321
1798 1670
5512 7348
8458 3072
9262 3168
3556 2537
3633 8368
1004 2275
1067 3603
3660 3225
6407 9544
9521 5107
3827 1753
3916 3472
2753 2875
6687 8012
5231 8799
9635 7860
4695 3466
1830 3039
3924 9393
564 7587
2784 1240
9066 3947
3742 6243
2311 3811
346 5247
5785 5481
9341 2901
8785 5054
1400 1740
9050 774
3135 5007
582 1978
885 2096
5238 5388
1462 6953
7335 67
5513 3242
6729 5187
7824 1932
8427 8050
8429 2324
7838 4588
9977 143
4175 1281
3703 1415
8094 3234
8556 288
3518 5829
3497 3602
4277 1218
2010 4156
9742 1127
8523 7888
3490 4075
5987 1195
1785 716
6918 7325
9671 5798
6938 5876
1437 7645
8818 9142
6104 2179
1629 2665
518 2704
6240 9581
8295 2459
2850 6786
2271 4413
7142 1658
4051 8298
136 344
5180 3151
8006 4862
7085 7296
6395 1129
4726 6518
7743 719
9362 3295
6490 8900
5679 864
4017 1141
5659 7439
8767 2920
1565 5106
8084 4589
4793 3503
7785 6256
8356 8042
645 292
7601 9758
6180 4299
4049 8027
2100 3853
8573 2111
6674 7716
6638 608
6517 1886
2534 6419
4945 9460
4133 5533
1087 8400
3907 5083
6088 7567
6636 6790
4794 104
7343 925
2225 9734
7212 4172
7452 9834
9486 6377
9474 3342
3844 2886
889 3671
6658 8671
18 437
7275 1857
7638 3515
6410 2095
1847 5942
3821 8898
8165 3124
9347 3063
964 457
4391 2571
927 9576
297 4238
4087 864
6274 1838
3747 5658
7964 1207
4473 2631
4168 6080
7826 3936
1477 3711
6285 1769
7199 1947
1369 9337
2001 2023
3198 2822
2250 3736
2863 3123
2426 4366
1476 1307
5159 893
3361 4799
4583 4251
7568 8062
1700 2849
4444 1894
2676 5822
6281 9238
1821 7047
5994 4130
7004 7352
3009 341
1045 2987
614 6293
6014 3662
5651 9127
62 6639
3952 6273
6394 9389
5772 1722
4158 5020
2249 4914
1180 9678
5114 8574
7895 2223
2692 9452
3858 4869
6420 1364
504 4356
8616 9605
8440 5564
9494 9509
2539 5081
8775 7975
840 2489
548 8683
8145 7912
9040 4296
6699 772
4100 4755
2972 1801
3330 8503
1479 5528
3249 416
4865 6985
3691 51
2159 9604
8780 998
6642 1475
1166 1024
6330 5603
1577 2390
4353 8693
1742 7781
6961 7765
6612 5097
6519 8507
2677 9351
6720 3252
9558 2067
4020 8910
512 535
4271 5124
4419 7500
1033 7362
2546 6622
9223 4482
6595 1170
8925 8114
3493 9149
58 410
6945 138
9165 2375
1510 5052
1472 3166
8849 7452
3420 6434
1286 3800
5403 7068
135 9650
3087 4505
3597 2301
664 6398
3765 4909
737 9959
9881 1584
753 5374
7867 4725
6805 6132
5865 4290
9374 4644
9240 1941
5959 5348
4379 3110
3902 2912
5631 5915
6499 283
5330 2725
8691 4430
3820 5759
9721 6641
6451 3230
2602 9245
1893 9936
254 9775
4283 4899
4919 503
3520 6216
8246 5646
2133 9047
7139 8122
3245 8992
7925 5924
2105 8573
7991 2960
1907 6661
4287 1985
5032 2196
7436 7926
2130 4834
1950 5831
5123 5434
1644 7703
199 9882
3789 2781
47 2577
2562 767
8276 1835
2287 4664
8764 6767
2841 6828
3397 1977
2485 9404
1160 1497
6923 8436
4729 6620
8571 7551
5111 2594
3328 4205
9724 6423
655 2447
6502 3562
5044 3240
5550 3534
2538 9314
6329 1612
698 2670
6266 1557
7961 2394
6176 1400
9028 1719
3838 7152
343 7195
6125 4656
6028 9533
5162 9250
1197 706
1137 3330
557 8482
9024 6400
8662 3246
2582 9061
6164 7975
4819 5007
3061 7484
6814 2228
4453 2903
2006 1851
7269 1149
3593 5363
6373 8727
4684 1597
8310 8293
9417 439
101 7933
7733 450
4534 8868
1703 1722
7502 979
7878 8594
5409 3029
6207 9719
9633 7578
2086 3188
1040 4629
4843 1633
2907 7305
1351 8252
2243 886
1296 7816
3683 1603
6446 358
3475 5648
5060 5831
7227 5341
7589 7634
9988 4238
3874 5030
3354 6142
7407 254
4696 4798
2938 9021
2897 7370
8865 5381
4077 5188
691 8465
6546 2053
9994 5041
6325 4597
2716 3309
2894 4214
5896 8985
8995 82
9943 8089
5842 3319
4560 3332
6191 1082
1816 5011
9216 4810
7855 6107
9207 1440
993 6089
6529 3995
6279 172
1566 2836
9844 7090
6917 4591
9840 3760
6032 3680
6393 2771
6363 3629
4121 7435
441 8015
7201 8579
4929 5148
5733 1417
2161 317
7243 6264
3210 880
944 106
2930 7897
8250 2523
6836 986
6563 3292
7677 8889
6810 2490
7036 1601
9653 3800
1316 701
3968 9871
281 691
8446 9343
600 7657
8921 3588
124 7393
3751 2552
388 8643
6644 6850
3265 9608
8419 5126
9733 6275
3199 9548
9966 6687
4402 227
2318 1816
8160 2578
7298 5330
6343 6558
3160 5653
7649 5669
71 3237
7051 9259
9423 3100
2902 3
2741 1122
9998 6283
206 3377
3673 686
1592 1379
6327 8870
7731 8326
32 5016
2454 6180
3105 9726
3266 3924
3965 829
7215 6950
5944 1681
781 1594
1888 9682
884 6140
5524 8160
8091 9294
6401 8741
3016 4651
8668 9747
2470 3014
4101 5216
3818 8329
3044 1426
7237 435
1822 8587
6743 2412
1734 975
354 3132
3702 6200
1616 6148
1708 6918
8882 1070
8566 1813
9328 9507
5632 1935
3000 8453
37 1427
9579 8975
5955 246
9406 5879
4859 5277
5264 209
6679 9664
4688 8391
1618 2629
9982 1282
2202 1379
5008 3704
1817 2632
3469 7099
9307 8156
1117 3316
3027 6680
2871 1250
24 2530
6299 3622
6672 238
771 6627
2904 6295
9070 474
8081 6902
5228 6973
5146 5669
4242 3274
4465 8193
2942 8672
2599 2729
612 4487
1043 9777
7463 1845
5696 6517
5094 1340
1124 2880
7968 8021
8659 5741
6415 7641
4537 212
3919 3275
7065 8673
8811 9642
3591 574
8455 1004
2565 3325
1869 5681
5137 2670
1745 1694
8309 7027
9763 9732
5354 1517
8273 586
2508 8307
1856 532
4526 5453
2951 8251
7339 3213
4643 5394
8005 6205
244 5040
2003 8899
2998 1522
4711 5827
2296 5310
3510 8995
5549 4595
6654 1970
3987 8090
8676 8864
438 8659
7070 1292
5760 1310
9750 4576
9951 9650
6151 8461
8650 5133
4269 4446
191 4699
2302 2799
6675 1084
2924 3475
2547 7636
2516 3436
2320 4643
8474 8966
3733 2411
4464 7356
9928 1023
3577 471
9564 1539
3576 400
2860 473
5460 1450
1000 2434
2882 4042
9129 6117
4697 5188
4065 7535
8641 4363
6548 4024
687 6273
9037 1538
8606 3138
5176 5326
5956 5018
7076 7138
9899 1274
4821 5756
1746 8452
4108 4416
9950 3057
8409 4492
4580 5945
6077 1421
2399 1486
3498 3062
2176 3265
1567 3974
2343 781
5237 2240
4494 5976
1249 4334
7640 8742
873 8881
6231 9477
3931 1129
2261 7497
9812 988
6736 5279
4906 7729
6839 8065
6824 161
4954 7732
5615 6770
7506 8696
2510 4074
1029 2218
2891 6039
7787 8722
7032 2650
887 7409
4002 5924
6092 3318
930 1933
8754 3772
3674 6608
1590 7764
169 1376
933 1781
6468 393
9166 5278
7447 6172
8215 3357
4539 7873
1183 1955
2961 7085
5282 896
6396 100
2236 1457
8984 3383
4904 9465
9625 4049
9419 1433
1193 7291
9553 1444
8068 2421
7923 4584
3140 6377
9190 4670
2494 2218
4140 2627
2011 6174
8360 3667
544 4865
8880 9742
8987 5501
8137 8645
5838 3483
6780 3868
8177 2179
1411 4405
4206 5857
1678 3060
2235 275
9163 7886
4010 2438
1949 8469
4451 9986
5056 54
4292 7561
3930 5450
263 4826
9243 7962
8154 8586
9194 6453
1176 7744
6208 9772
3554 1103
1774 7739
7874 1025
3178 1499
8064 4382
481 1899
5869 3929
9555 5972
211 3972
7191 1640
2696 6894
2531 487
8448 8467
9267 3091
1788 5514
4213 8882
590 2246
9209 1980
189 7934
6358 7693
7453 5356
786 742
9563 4813
967 7649
1665 8722
4420 5794
7313 6049
9556 3974
746 2227
790 1473
1159 3080
9757 4816
9666 9067
9175 5533
1489 3975
963 5727
8206 5901
6399 9685
8815 1914
453 5210
3582 3702
3762 2841
4720 4675
2833 4870
3259 9911
6288 2736
5535 6831
4252 2161
4114 7329
4385 5029
3036 6812
6466 2009
9893 6548
3261 589
530 5301
8800 4593
7767 270
6536 4875
6012 8152
1953 4671
8389 4705
5451 738
7302 760
1741 8996
6429 1040
9641 422
495 6095
685 6763
9280 2574
5555 8668
3152 5629
5098 2237
3474 2094
4698 4286
7992 3697
6649 9587
9780 9468
6206 6361
9072 3999
2808 501
9626 8209
7868 4297
2387 4668
9301 2182
337 861
5728 1619
6746 2859
3670 72
9975 4323
6045 885
6345 5653
732 4652
8712 7058
6653 210
670 2196
8821 5350
1011 8948
3081 6380
752 5239
284 2723
6562 8164
6056 8772
50 5209
2292 8778
5817 6590
6572 357
197 8897
8565 77
459 7312
6443 4094
8381 9032
4029 7528
8978 8879
819 8781
3655 467
3578 9530
3181 507
7155 9220
8511 9702
9651 4113
2036 6872
7896 5975
1128 7214
4624 2461
9868 8500
9934 8334
1154 3279
8123 6909
9499 4899
3757 6178
5908 8576
5823 4468
5099 3800
4324 2426
5449 4471
2291 8806
6705 9202
3098 185
8484 5195
179 1216
5257 1221
6426 178
2830 9059
2224 4917
7391 4216
9872 1892
2528 7131
4184 6737
7756 4463
5343 2981
3372 11
6826 1194
5684 1145
2750 1351
1799 8605
8697 6144
5660 2300
6946 3645
4139 8126
8301 99
9370 1459
3849 9444
2260 5241
2051 7416
5715 1049
1140 5868
6131 8151
2022 9034
7608 643
7910 9132
6635 1867
5783 1634
6697 8555
7428 1656
3107 453
7593 3082
2549 2744
546 1020
3595 4799
2280 214
1189 2457
3224 6987
9830 5849
1245 670
876 9070
8135 3421
3040 2832
1181 4731
9965 9488
2918 1837
1088 9485
2826 7647
9753 1515
1965 8427
8610 565
745 7591
1313 7122
2610 1185
8826 5526
7074 6860
5355 6900
7880 8888
241 5395
9722 5727
8631 7617
5993 4967
1412 3888
59 8820
8255 4149
5431 6787
4401 5708
2655 9046
6700 2357
4083 5393
9086 4897
7835 6191
8153 399
3348 2702
2380 7409
5870 4700
8997 343
325 6863
6607 5781
4307 8446
9150 130
6129 9789
2731 2289
1248 985
3780 5330
4081 4204
1763 351
8013 9282
7537 608
8473 7124
3550 941
9397 227
8141 2391
8470 6973
6963 5368
7795 7838
2395 4310
39 8985
5074 1779
9123 4902
2674 530
4440 7529
3921 6335
2180 1339
816 5308
2797 9957
5092 469
6952 2685
2931 6503
4236 1834
3834 3079
2955 7914
7474 2798
7673 3064
1533 6909
1328 6943
4528 5743
3287 7125
9709 106
5883 5135
9875 6650
5266 3868
5856 4550
7230 4345
1062 1586
9638 934
4983 984
9596 7881
2014 8956
4578 2099
5575 5659
296 6249
538 124
7381 9876
3719 5379
4827 6802
3657 8832
1039 6091
1303 56
7520 4666
7420 6415
5834 4577
1356 6071
4023 6703
4041 552
9896 5573
2821 2955
7418 5029
5991 603
1080 94
3664 9620
5411 2595
9848 630
1232 9902
907 276
367 9914
4090 198
5589 9925
4147 3642
4047 3850
4818 7358
414 7639
6495 31
7040 3270
4809 6818
6035 7047
6253 8617
5892 4560
1673 6755
6601 9037
5299 4255
8336 8819
5143 5414
5427 4143
8688 6823
821 9803
8510 907
9364 9644
6936 5251
8083 9367
6811 1891
4174 7397
4990 9421
3621 1947
1537 1954
7283 2529
2647 1012
1362 4744
7959 3287
6800 4786
9561 7875
2928 9208
3341 7297
6560 2803
7028 4647
2392 7391
1445 1633
3833 4116
3583 3485
2785 8176
9241 7616
1709 9366
1576 9917
9134 7035
3746 7793
1912 9248
8998 7229
9612 5550
2127 1066
7989 8461
5484 8009
7000 5575
8942 5724
2142 3958
2044 3728
2593 5925
8554 9520
6611 815
8935 2073
4511 1144
1121 3784
1596 7766
2700 8369
5636 2757
7213 1513
8902 3065
1609 3937
8230 9770
7831 5861
6162 158
5719 5119
2940 9353
2596 4436
9462 9899
7786 5980
475 6119
2967 5497
2277 2042
338 9985
7361 5694
4295 8215
3347 8960
1540 1378
9929 1248
5855 6477
4748 1038
9426 1377
3284 3304
2635 154
4478 2190
8731 3499
5841 5407
4079 9677
3442 1118
6578 1166
6905 6770
7801 6869
7620 2343
5932 6357
5864 6276
6730 6640
6840 9940
5940 1638
5906 6115
3986 7231
4262 9040
2016 2340
609 7048
836 540
6257 1965
744 949
9760 2438
4868 875
9354 6732
6193 1186
6523 1402
7177 8835
6592 6005
623 294
248 1701
5594 5796
6516 3562
7915 3619
7708 141
7653 2566
4273 1529
9095 1245
1021 9909
7553 5949
7419 4746
35 2326
2195 2241
5888 4407
3879 9020
3590 9898
2639 9431
5630 4960
4937 8114
1294 5606
9895 6007
4208 8532
6155 85
7725 7293
3558 7871
1649 5729
9010 4296
3058 2637
4920 7411
9976 5478
945 595
2077 8754
6317 887
1460 8301
4645 6010
3054 4423
5791 4906
4907 7368
3692 217
2108 1825
6145 9012
8229 2971
2908 8769
6581 2884
1337 4885
3264 7976
8854 3401
4445 7126
3405 4411
6662 2845
3015 3621
5520 4470
750 9879
3618 3836
163 8465
6114 1046
2104 3552
8116 2311
1747 5699
7724 6275
2018 7763
4183 5380
9805 7047
5825 503
5821 4180
9019 5742
4103 2502
8675 8106
2994 3716
5418 2315
1230 9997
7936 9640
2312 3276
9535 3518
8734 8659
5130 2147
2745 3772
6979 5705
9993 5776
7262 6098
8007 7391
1895 8797
251 4021
5725 8870
7238 1677
6878 8423
86 3371
6346 4582
1064 8400
2122 3353
9055 6356
6347 6854
5362 8729
6550 6929
4828 5168
1902 2171
7273 8859
2694 3891
5303 3301
7610 8084
1148 8406
9689 5272
3950 2779
9326 3173
5284 9258
3894 7222
1783 9919
6438 868
817 8874
5737 9734
7150 9658
940 1261
8974 7732
8079 5001
9968 1882
5567 2325
3652 1644
1336 5406
3803 5566
2208 7422
8416 5584
5543 3937
3412 6800
9382 9466
3832 2123
5875 7924
8569 6240
5221 5738
8933 1827
5051 2650
7778 6799
1523 7089
7650 385
8739 8568
6580 7085
3312 5884
6934 4714
1241 6434
1251 9329
4626 6877
1345 6898
7524 3096
7734 2281
9784 9108
2929 9170
4289 6426
1017 1523
6494 4194
2773 5180
1398 7827
8203 4408
7064 8623
6336 3893
1563 7068
4142 752
1906 5513
426 5438
6692 3497
8451 2879
30 3279
3257 3881
9759 8947
1534 6282
9111 9313
9552 2281
4239 667
6303 254
5726 5945
2760 766
8867 621
7908 1866
4561 2134
1870 8210
8189 9302
2512 9765
8033 5589
5577 3219
4791 8672
895 3885
7400 9705
7661 3896
2206 274
5061 7612
6756 684
1079 9585
1187 2831
2567 4459
892 4668
7891 7230
8447 2625
1548 5842
4196 8348
9160 2537
218 3776
6997 4794
9372 3794
8862 121
7720 6395
9728 432
5163 4751
8869 1724
8468 2463
4371 6088
787 1115
1924 6638
2861 6110
5204 4359
3636 125
2558 7545
4335 4137
1112 1939
3754 3307
9164 5311
6020 7799
1911 5716
4028 1378
717 240
4541 324
6168 87
9904 5382
4574 5535
2615 2797
8247 7949
6728 8254
3190 2261
5419 925
4575 6906
5960 2631
7233 5965
7755 2289
4579 7435
374 7854
8853 2147
5353 3050
4007 784
9102 2842
8112 1122
7665 1246
4349 7476
1119 929
6793 1564
1874 9373
7652 8973
1908 5122
6006 1617
7699 5235
8969 1886
7093 2392
3012 1867
7628 2171
3386 4711
6411 1109
5563 6610
888 759
7382 4569
5234 8907
4305 4081
3145 2622
8150 9563
7532 2570
3883 7295
2087 3895
5873 8729
1662 6188
7034 4763
9062 780
8657 9521
4218 615
8516 948
8911 4759
3391 3224
1209 9570
2049 5120
6280 6762
3454 1554
5637 7813
3790 394
3161 2756
329 8358
8280 3759
5935 9190
320 2569
1206 7996
4260 2149
926 9744
5073 5257
4991 7263
4708 1275
1139 9824
8856 7028
2339 159
1862 7762
4674 3588
8450 5235
6124 2375
4106 200
4787 8301
8180 1623
4435 9950
9180 6210
5244 7443
8378 3225
5181 347
9325 4913
7987 2996
500 5977
1299 1737
7668 8105
3903 3796
8788 9456
7279 2138
4203 468
5161 6497
2916 5452
1399 7482
3839 563
4068 9480
2937 9737
5807 8943
9814 1973
2722 8600
1163 6105
5306 6373
1219 3983
9042 5076
7670 8207
1161 6013
8269 2209
452 7856
2608 6139
7808 6904
4410 9120
5639 6779
9003 5021
5671 3955
8404 5523
3335 3720
8443 1241
1191 2808
5064 6330
8949 9137
6265 2111
7834 3403
3856 6721
1509 9393
7845 773
9764 7529
5444 5210
5219 3668
98 6151
7080 108
4911 2559
4351 7649
7344 9336
2346 9447
3218 6040
5293 4211
5467 6039
5015 5983
3962 6647
6161 7669
4155 9776
3476 1086
4847 2943
3047 3791
2186 9386
5415 1554
3600 7002
6683 6797
5516 8219
405 3608
1190 7198
5692 5299
7372 7001
4372 3407
1276 4990
7049 2246
9531 8582
7278 576
2295 226
4856 2733
4480 8972
7203 7989
8612 3765
6455 9292
113 8944
6671 1776
315 5185
7219 8022
5492 5953
3343 9398
8173 1960
747 6168
5291 5206
1861 9436
5779 1569
8738 9624
3125 9372
6360 7789
1478 7750
4201 1898
5886 2296
4795 9034
5265 4547
8733 4049
7588 4702
4968 3931
6289 8832
9464 4106
9269 174
6278 6653
2467 3334
1430 3678
4658 6965
1343 8735
6199 864
9 4529
960 9981
9838 8208
8067 9506
8530 9313
1268 6949
2252 1404
5950 9820
2388 7186
9801 60
3713 4884
6165 9994
3738 5255
3007 4774
4226 4582
7705 492
6512 5242
8812 4623
4381 7723
9710 9530
515 8907
6064 849
5539 3403
8387 5288
5177 4608
1073 2820
9172 5648
4080 3309
6220 8241
883 3753
7889 7990
310 4224
3404 2303
6473 9684
977 5834
5408 6492
4654 391
1304 9862
8171 9629
8514 3165
3525 914
735 7839
8479 3409
2081 1246
1394 545
9821 3178
4301 980
9618 955
9078 5146
7171 559
8175 8566
1147 9811
9799 5132
9540 6208
6931 8100
9004 148
6930 9593
5012 5075
4344 5043
2714 6873
9952 6880
592 517
5268 7892
3785 2906
9083 348
6733 4897
1146 7156
3882 6421
7563 9404
1981 2187
430 8895
570 8937
844 1170
8262 3154
6354 8022
8904 5150
3141 1539
9105 2903
300 9487
4327 3559
7511 5971
5192 775
2354 2918
419 8161
40 9429
2121 7196
3196 2328
7843 3052
5530 4760
13 9126
5531 7173
730 442
6267 6532
5824 5576
1420 4608
2497 1414
4370 6793
3846 2055
4866 5286
6059 1711
2838 7302
8686 2275
2175 2141
3610 8966
4284 6224
2721 4765
2759 9215
8891 5684
4144 1214
3944 5327
9418 5191
7111 797
1285 5834
9549 1612
9828 5183
6995 4719
6927 3489
2640 2774
3022 2470
4782 9744
2581 9170
7401 5045
9320 8791
9051 7083
9736 1653
9843 3328
412 9612
894 8515
2749 1466
6981 8337
4488 110
8970 6637
5455 7719
9566 1204
8861 332
4393 9987
8525 252
6530 354
7143 7485
8628 6984
5844 4007
6485 1371
312 4843
3084 1834
4637 681
5208 1376
4860 5676
9309 9161
401 9561
5448 5614
7071 5890
1003 6689
9851 2170
264 9570
3722 378
8548 3800
1787 9322
3402 3178
9569 4607
7499 198
7536 7964
8303 5837
2693 1248
5889 2009
9413 4450
5634 6326
3940 7342
9610 8151
5801 34
6447 9957
4329 9803
4792 3389
2568 7528
1085 7963
4506 3998
2945 921
1714 2762
1622 564
1918 8214
8583 3708
5808 4672
4013 742
8438 8965
6201 6636
1254 1741
1940 1661
4667 6852
6820 9912
6742 3520
2604 3392
1624 3751
1843 579
7235 1499
7630 3355
5973 5007
8863 4379
6716 6335
1178 3393
7898 2372
4268 215
181 7827
4640 8376
1605 871
5509 7750
837 4810
1455 2889
7994 8714
8658 7464
2367 5825
6408 6745
2658 1337
6121 5911
5383 4944
5057 3499
4641 4055
7450 4334
3120 3816
6313 8531
7932 9736
3298 4607
6038 9883
9002 6895
9787 5265
6974 6061
6535 1432
5042 2248
3854 7229
4187 85
4059 6963
4274 2876
7168 3592
8379 2861
3925 9937
8181 8594
3822 4405
78 5696
29 3826
665 8358
21 396
7944 1594
466 7310
2720 4147
9081 531
3042 2540
1272 7916
702 805
8560 2531
4086 6142
2958 5355
239 7201
9892 1468
7978 2681
4186 3279
5775 2255
6504 4193
4394 1316
6575 8957
1695 8523
6969 6433
7321 5928
9229 8053
2989 5770
549 6944
4325 9632
8755 5866
6774 4996
3935 7982
5713 9874
5769 9919
4014 1167
1758 2094
2984 5421
8752 7430
46 7559
7581 10
411 2473
1691 337
3706 4807
6261 3481
1359 1919
8622 3366
5086 2971
8291 3739
2308 4889
3333 7565
8279 6575
6633 2301
6445 9774
1840 127
9797 6532
639 5710
9319 870
1262 1458
2839 4814
9342 9507
5628 2185
8227 1998
6212 6979
7149 1813
3048 9468
1889 4332
9836 5624
6403 5117
5281 4133
