10000 9999
1458 1472
5193 1472
6241 5193
2936 6241
4608 1458
8053 4608
2297 5193
9342 8053
5383 1458
5355 1472
6163 9342
6018 1472
2340 1472
3153 1472
9869 5193
7291 6241
2539 2340
7766 8053
7850 6163
3834 9342
8092 2539
2344 6018
9210 7850
4686 2297
4436 9342
5294 3153
3092 5383
9440 7291
7451 5383
6074 7291
4594 7451
3544 5294
8604 6163
5841 6018
9169 6018
7293 6074
4342 4436
5165 5294
5586 9440
8685 5841
3646 9169
2016 5294
3345 9210
3374 2297
7241 3153
8881 5841
5519 8092
1307 9169
336 3092
867 3834
4729 7850
7524 6163
438 4686
7962 867
8017 9440
2223 7241
6059 7451
5067 9440
3273 9869
967 8017
7810 5841
6913 8092
246 7241
6454 2297
5354 6163
9488 6074
5789 7293
9916 1307
9135 1458
8403 9869
6621 3273
6077 8881
4443 7850
3333 5841
8911 6018
7057 8685
1124 3345
1475 4436
6905 6621
4090 8604
8933 1458
8710 6905
2537 9869
2893 2344
1244 9210
8410 9869
7282 6913
6908 8911
3209 6163
139 1458
2633 5383
7948 5355
4995 7524
3386 5841
4613 2340
1059 3646
9284 1307
2299 2340
7580 1307
975 6908
7725 2539
7129 3333
1868 1244
963 2537
8554 6018
7376 7291
5206 7241
2798 6454
2922 8710
976 5789
7240 3834
1518 4995
5316 2016
7975 7766
6767 1475
8078 5841
7033 2340
7032 3544
3777 7451
9357 6241
8664 4436
4021 5316
5631 2016
2316 5789
4222 6018
3539 2633
2673 9357
5153 7240
1783 8710
9336 9488
1177 9336
2098 7975
3794 9916
5938 8078
3281 2098
6806 1307
9337 1475
4660 7293
7734 4608
9528 7240
2189 7580
3359 1307
9755 2673
5364 6905
362 9357
3748 2344
5871 8664
3615 3092
3688 3794
4639 9357
3231 9169
6675 7451
9395 6163
5856 362
1822 438
8687 5841
2294 6241
1546 7962
3435 5364
3564 3281
9817 3544
286 5856
1127 9357
4909 9169
197 976
9677 976
1754 7241
5964 1822
600 1868
1718 7129
5539 2098
5412 6908
260 1754
6002 1783
5003 7524
261 9337
4189 1124
7433 2223
5940 1059
585 7962
4843 7282
4674 5539
433 6018
4091 7282
637 1127
4667 5964
4932 3209
1778 2299
3878 963
5092 1475
537 3153
8507 3231
4366 2537
878 6059
554 3544
2369 7033
1716 197
8324 9395
2605 5631
2220 1546
817 2220
8678 5092
3478 1778
5839 8881
6825 976
2754 2223
2735 7057
5583 2316
4657 2922
1727 8685
8985 5355
5847 1754
9246 3539
6425 362
8831 963
6740 1124
6387 9528
3823 5964
8935 3748
5843 1177
8320 8554
743 5841
1944 8507
8371 7240
7892 1546
241 8933
72 9755
8996 8710
9154 5631
6384 5539
4503 7291
6582 9869
5511 5539
7401 4443
8851 4674
9584 2344
6543 585
3216 8078
889 5294
7047 4189
3406 8933
7021 6454
383 1475
9612 1127
5394 600
9803 7725
6700 6002
1568 5847
7819 5294
8026 362
9444 975
2197 9336
8891 4594
8516 9342
7459 2340
289 2893
1413 6825
5924 7725
7427 9246
3115 433
5788 3115
463 975
2327 5871
5626 8678
1582 8403
5054 5938
8824 8026
3793 1059
6941 7376
4991 1716
1281 975
2846 9336
390 7962
7261 7975
6179 6675
8989 7282
3722 9154
8273 889
5927 336
9186 3435
662 817
9567 3273
9583 8554
2208 2189
1861 7892
8770 1472
6720 5511
6640 4503
1772 9186
9618 7291
1443 1718
4472 585
979 4222
1365 6241
6578 5839
5140 9916
6931 2539
7133 4608
4886 139
6728 7962
8555 4995
7106 9357
9167 7580
938 1822
1920 1754
442 3273
6738 2605
7096 6675
2466 438
8668 3748
7001 1281
250 8891
563 1458
3250 743
3537 9169
1251 1778
9005 1944
2430 1568
677 8324
2817 2294
5052 4594
8777 8403
2406 677
373 9803
7534 6913
2022 6387
7799 5364
996 9677
372 4991
1644 1546
2974 9005
2622 8710
9401 5626
2721 8555
2595 7962
3627 7057
2151 246
2561 6074
6847 9444
7030 4594
9314 7948
951 373
6312 6425
3954 1307
9197 975
3656 8324
1045 383
614 2327
3403 2294
3490 5054
1551 2327
3853 743
4106 1822
4873 6675
1186 4090
8430 9005
6045 3403
9066 2327
8150 8092
3142 9169
8828 1443
2112 8678
9631 4729
1126 8851
9752 3281
8258 6179
111 3359
2971 9284
8635 7293
2695 5940
1743 9401
507 7734
5496 9444
6365 5067
2968 5938
3043 6045
4254 1551
230 4657
4131 585
1402 2936
7682 7133
7093 554
948 1251
4962 230
3224 9869
672 4657
7881 5586
2215 1582
2684 2622
8617 2539
9480 9210
2123 3092
7592 3823
1589 6931
970 9584
612 7534
4109 2798
5579 2223
8510 1458
3798 8017
5169 6640
257 442
2769 72
3581 3777
6123 6908
3695 7401
9080 7962
7159 662
1339 3539
212 4991
2787 614
8732 7030
19 2595
8475 4109
8342 8026
6737 3333
2118 212
2507 7948
6843 8678
2989 6847
8141 1475
4819 5054
3236 976
1508 637
8950 3537
103 2294
1331 9210
3635 3627
3617 1518
7128 8017
3912 257
2738 4222
6631 6728
9642 2369
8323 6825
170 1518
3223 3490
9481 2595
8801 3823
9448 1754
173 8053
7373 1307
3200 554
9637 2430
4851 1458
295 672
3264 8475
1111 3646
2608 4657
1129 3617
9473 8017
3163 9395
9863 7682
5755 9480
4179 7030
3168 3646
942 4342
2408 2561
4206 1783
8125 8516
9003 72
4942 5496
4458 7261
1705 7240
2308 2721
753 5583
1073 7057
6838 1743
97 72
4844 4021
9721 7881
1320 8342
6134 976
7831 3646
3582 5788
2282 2112
7599 3853
3434 7427
1524 9342
5664 7133
8398 9135
2452 8141
7983 7096
1722 9342
5865 5924
8551 7293
179 257
1334 4844
3506 8125
1607 5054
1137 1045
4002 4436
2889 4436
6297 6737
9851 8911
7268 585
4561 2430
4656 7047
5633 8710
8100 677
4816 372
3768 19
2625 6728
7416 2633
178 72
8759 507
8936 4660
8806 8989
1288 8403
7609 5539
4698 3581
3825 7282
8043 4909
8987 3798
1283 8510
732 2299
9687 2299
3604 1861
1271 2112
6492 8685
1060 3635
198 139
9471 6675
1579 257
8415 6806
4123 7524
4138 963
3741 2316
8800 5511
5007 4613
7837 7401
8031 2595
2085 6675
9999 3386
3704 2622
4118 2608
2384 8851
3314 97
1763 4594
2648 4091
3998 4819
1731 8078
8307 5579
4828 4118
2906 3823
8384 4932
5333 948
6617 6163
1063 5938
3251 7416
2243 4458
5681 5865
3782 4660
7602 6018
8175 9284
7829 2344
4089 9080
4842 6806
8787 5383
7244 7881
1791 537
9753 3153
7696 5539
3426 4729
6485 2123
1291 7962
3999 9752
9295 7376
7492 1772
858 5856
5347 9295
6152 7983
4583 8678
2441 1508
2855 8831
546 8125
4848 2327
7437 7492
5195 97
7655 7524
7803 3374
3319 2507
3845 6297
3666 2721
8461 7819
5073 4106
4645 7602
768 5511
9483 1288
2321 9916
6852 5871
5174 9851
4289 4089
2260 1607
9879 5003
4405 1763
9172 4645
1343 3345
9231 8150
980 6640
4818 8410
4385 2754
3277 3793
7411 1644
2457 3912
9659 6700
7617 753
240 7459
4703 1283
7208 7373
7805 9631
9397 9488
3339 4828
9198 1331
6683 2384
263 9480
2775 8801
6942 5856
4900 1772
3628 3782
9392 3223
2745 8935
5932 5153
1420 373
3733 7492
2541 1334
8788 1281
3761 6074
3633 1271
1148 1582
3306 2208
2368 8950
1008 2441
3882 4818
1474 9080
4237 3878
5715 4366
682 2308
7052 6454
7403 3319
9880 2622
8075 2344
4348 9755
2386 9851
832 2321
5390 1307
7297 9337
43 8824
9015 6913
5990 2989
2055 5153
818 1251
9301 5355
9413 7208
6926 3635
217 8342
2137 8078
1537 3478
9067 3845
7307 8430
8470 2215
1471 4873
9196 5383
6019 5316
9733 7734
1021 4002
4931 2282
723 7307
2646 4472
7472 9231
6968 7373
2086 2507
1390 139
9041 5519
3513 3564
6724 1524
9975 1743
2475 173
7540 3633
3560 8078
4541 8510
6463 8911
6156 6019
9582 1722
1994 7599
5915 8801
8541 2936
2617 6631
9841 3339
4387 8664
706 8031
2840 8410
8896 2617
7541 3043
3022 4458
601 7106
4617 9975
8136 9210
9530 7696
7662 170
4015 362
4797 97
5418 1474
4110 3793
4960 286
1613 5927
502 2695
7408 9357
9715 5924
9123 2684
9871 4844
6274 6045
271 1613
5912 6640
4046 3954
7288 7052
5422 2968
5733 7033
7192 9880
5726 5195
4404 289
8880 2595
6872 4254
2730 3666
6050 7052
9211 970
1235 677
9056 6019
9486 2086
4345 2137
3362 5664
3778 1551
2478 4932
8155 8398
2082 1390
7237 3825
5668 9295
6867 4686
7936 9733
7545 6640
6790 6740
5118 2297
4512 2189
386 4109
3431 9066
1065 7540
5805 7617
8423 3617
3621 3834
2396 8510
9605 5140
3829 8075
2832 1365
4085 295
8870 6852
8086 5383
7224 1073
2176 3339
7629 7799
3141 4345
7963 4091
7127 5007
9607 1413
7496 4443
2976 6941
6482 8891
6453 2452
1392 6002
5528 9172
3732 878
7728 6425
4060 2457
4157 7829
7194 8800
3105 9851
834 2223
3602 6019
4310 8541
254 6492
5559 8685
5442 5843
1445 7734
3383 9314
4128 5583
8565 5390
8210 1008
247 8092
60 7376
6637 8258
1273 2321
2796 9210
8695 7297
4367 1705
3069 1783
8338 386
7607 2922
679 2055
1631 8092
2638 4729
9463 2840
9946 4991
9316 8430
7174 3798
2805 1008
3258 1920
4001 4729
223 9197
9310 4667
6936 1537
6372 5418
541 1607
7703 2294
3113 662
4857 3426
4810 3627
7513 8891
8096 6045
2654 3829
7685 6274
4602 3333
6580 19
5844 5865
5374 2441
7230 4157
1875 6847
6584 637
444 1059
4899 6297
1618 8788
9454 4541
623 9841
129 8423
5589 8415
1267 2654
5 5383
119 1065
4646 3142
5918 4109
6858 8324
8840 8565
2304 257
6055 3564
4853 2840
7450 8824
4261 1551
8264 7850
37 7208
833 8989
5830 5418
6219 7282
32 5092
9492 2220
5132 8423
6883 433
2095 9357
5936 3406
7260 2646
4230 7766
9661 2321
9980 9336
4256 2208
6881 5715
251 8896
893 6163
3139 5664
2116 5932
1913 8470
6757 9999
2073 4646
1197 6941
3323 9618
8658 9530
2643 295
9004 3722
7547 8933
1741 9295
3103 7224
3565 2223
9988 3853
806 3200
1656 9342
4641 7540
2985 4674
7769 9471
3502 5394
8488 9486
8753 1778
9959 9492
1452 4667
1135 8753
711 7240
2690 9397
3637 7401
1737 336
5474 5153
1199 6152
1870 8384
5233 2537
8767 7403
1984 5165
7284 8470
5806 4189
469 5206
9651 3383
3573 5847
6288 1307
5253 9003
431 9471
6323 4641
4787 6852
7405 6757
3185 5912
4984 3022
3690 1474
1838 4128
6638 2304
3429 8770
8365 5233
5213 3323
2150 3912
2351 7096
8577 6700
6624 8551
1711 7433
9889 8787
4720 3319
7654 970
5021 8175
5283 2189
9529 753
3356 4844
6158 2208
5424 6738
4802 1870
9608 9879
8921 4458
7138 1126
2269 2220
9744 4443
2487 3236
1360 1445
8868 2282
6914 1390
47 5355
127 2846
4238 6825
7085 6463
5357 3223
5526 2684
1018 6123
3147 2478
754 507
8052 3621
8973 103
9515 9210
2785 7032
2362 4686
2723 362
1873 5633
6594 8307
7086 2684
6989 3560
9951 8031
7041 1137
6121 6152
418 5841
7039 9803
8229 1913
1632 5422
1500 7963
8822 7963
2497 263
3759 6297
7077 5412
3975 8880
7267 8759
5449 5496
1099 3224
1395 1984
201 217
1311 3092
7556 2855
8188 2738
9441 1059
4492 677
7820 1197
9539 2906
3911 7291
4876 6942
3005 60
14 3264
3186 1731
1839 139
829 8753
6103 257
2710 1331
8400 9316
7735 6720
1340 2648
5866 4873
2262 3273
4924 7545
2714 6297
4240 8800
8783 8987
2125 2223
4722 4646
2089 5394
3685 2299
2447 1018
7784 7401
7034 8403
4132 5844
4299 3768
3930 6624
4265 753
6468 8086
4807 976
7375 5668
419 3069
3346 1920
2488 4405
6549 8770
8692 1008
1858 3695
8773 3768
3088 3628
2414 3685
1902 8950
572 8787
9227 2488
8726 32
6520 9951
2612 2125
4434 4404
4047 8822
1456 1340
5004 3435
786 2215
3868 3621
8659 732
8827 3582
3091 295
1958 1737
8882 1875
7551 9530
8056 6931
7673 1644
231 3768
9360 9395
1538 975
762 2085
7201 6482
7090 2137
2424 5726
2088 1235
5069 1137
9700 9637
6854 4387
9794 2118
1038 996
5384 5841
6648 1099
5655 3853
3594 8881
2219 3688
6734 4046
8097 7129
4737 2605
3642 7963
713 2082
3959 4256
6175 2197
76 8658
674 8043
2343 7975
5533 3798
8491 3185
5647 9210
1028 6867
1182 4342
6034 9529
5072 677
518 6867
5959 7580
9711 3777
7445 3105
2590 9744
4689 7021
3095 1656
2003 706
7439 1474
1779 7936
405 2541
7239 5364
7979 7513
7773 1038
5876 4206
592 5964
4136 7268
9594 6175
8804 6468
6796 1618
4056 4818
3739 9067
4426 7106
6973 1958
9403 3502
5263 8787
2833 948
2534 8031
2491 4109
3893 2534
2558 9744
8104 8664
8662 6156
4800 5132
6658 247
800 7086
5702 6621
7399 263
2668 612
9213 1538
3503 4132
9734 5633
7045 3912
8375 2633
7269 1613
335 3478
3810 2638
4282 7159
714 2690
5587 1291
1159 9916
3520 9959
2302 1538
2390 7810
9149 614
5759 9360
6315 8384
3114 4818
6842 4594
9868 2561
7500 6074
9620 1838
7229 5422
5919 1632
687 8987
8867 9715
1598 4426
3303 2668
1431 9841
6861 201
6932 1063
7195 4085
8564 7541
1803 4348
9970 9879
9188 563
8328 8053
8995 6163
4306 4667
9754 1452
9510 1456
3624 4015
8793 7541
2486 9582
4711 173
6480 6059
4837 3794
6960 418
3396 1365
5184 5118
4679 4128
8121 8710
1788 4090
9624 5844
9699 6926
6076 2798
5220 2022
4990 2073
3591 8541
8672 7427
8451 3200
2454 9863
4081 2989
4786 2976
1837 4434
3980 6163
9961 230
6568 9734
8240 9154
5530 8770
7947 4310
6290 9715
1133 9618
2905 1474
1653 5715
2656 5383
8526 8264
2869 8017
2827 1546
4031 9651
9779 1778
7875 3005
7 711
9330 7282
3176 713
981 2590
880 9154
3455 3732
7444 1508
24 9631
4463 4131
5640 3142
2767 8695
6735 5640
5642 8617
6864 5449
5595 2208
2221 4282
7048 438
2743 5702
5950 2889
9702 1653
4597 8840
3389 1754
5360 2805
1362 2558
8304 4857
8812 1099
5675 1607
5650 980
7686 1656
5430 1875
3178 541
9170 711
2036 9186
6264 8043
5481 7192
2897 3503
3144 563
7898 3319
6180 1452
5124 3998
8805 706
8254 6621
1161 5422
4850 5519
3580 7201
4188 8668
3674 4729
5743 3688
1809 8031
2693 8685
2227 9444
8823 2208
8927 2743
8135 7769
553 9879
8982 7128
547 7629
8337 4900
5691 8075
3548 4091
5318 5539
2707 295
5972 5153
7126 6942
417 2775
7231 4561
427 4848
1406 4404
1439 9510
3517 8075
3803 8987
3904 4851
6256 257
870 4118
526 2976
7913 9659
3479 979
5814 6806
9906 2327
2956 8415
911 6852
1316 4132
9430 2855
2915 7307
9498 1754
6974 3704
608 2478
8665 8342
2660 7975
7031 1568
7928 8936
7148 7269
1054 4674
6036 7261
4555 5655
59 7427
1495 5856
2831 7734
9420 5069
194 5702
7507 8043
9193 3560
8199 3704
896 8695
555 217
1081 9869
6877 1458
1660 7875
5495 9149
7814 2406
782 9879
9268 8995
3655 7268
1848 129
3159 3520
508 8053
3903 7032
5520 8052
2574 1283
6370 4136
9260 963
2680 260
5242 1340
9335 5383
9033 431
2038 7159
4680 3264
3309 4819
504 980
7438 5069
8579 9637
9527 5759
6786 4091
7108 3513
5903 2985
8684 4816
1624 9193
3006 2430
1497 1291
2300 7805
7815 8304
1058 9879
2364 2406
888 4237
5180 9530
5560 2539
4872 1731
4634 9211
4738 706
9857 8985
1416 3333
1724 5430
4478 271
4883 2497
7223 9677
4691 9330
4936 3823
7565 8804
9760 2215
1037 5390
7345 2915
6147 1058
2900 8793
2784 5
6755 5213
512 1632
1863 9172
9236 5675
6523 1065
9576 7267
6424 8491
3311 7133
5486 6179
448 7541
2890 8400
3924 9268
9089 246
276 3403
9686 7892
3451 3646
4111 5118
525 3868
4381 8365
6659 4691
5719 1416
4558 5
6687 7685
4866 6724
20 8881
2067 8328
403 9624
6727 7031
8607 5903
2624 4404
3475 5412
8169 4729
2601 9584
7105 8695
8926 261
9373 3739
1430 3688
1972 405
2382 3573
7759 5354
3041 2491
1201 2817
5043 1803
1232 3431
1489 3303
6374 1537
8251 4238
1219 7106
7966 1741
4904 97
5644 7983
5306 8423
7220 5073
2493 2785
4495 674
7512 2846
758 7459
2244 8658
6355 2022
8363 6931
1025 706
9205 119
6516 7229
9748 1443
1993 6883
1308 9576
2388 7401
8877 8870
1878 2985
7270 5495
5916 2915
6239 9498
5141 762
5192 8793
6445 6152
7092 2817
6422 1058
9644 8665
6066 4306
1176 1537
5892 2424
4570 7260
1385 9715
5436 743
2213 7128
1819 5702
4061 3793
132 3573
2287 4883
2389 541
6772 2537
1426 8831
2024 7850
7811 8973
6583 4056
5939 878
6016 9970
9997 9463
7625 5043
7988 3690
6719 2067
7851 8324
678 5174
3535 3930
5245 3674
1792 4261
6358 5559
6599 403
1422 5357
7054 1059
1052 8510
196 6134
4550 2605
9306 4561
3989 3144
2373 5586
3192 1546
6697 9336
9985 3656
5920 3095
7019 59
3913 6648
421 2038
7026 9231
5596 3565
6174 6825
7402 8658
9393 2714
1131 2922
378 4613
44 7966
4509 9879
9134 8989
914 3506
6556 1054
9865 7500
5617 6926
4644 1422
17 1607
1405 4555
8841 8783
2763 2022
8177 6843
2736 9803
9769 4818
6082 7284
68 2452
8720 2088
5569 8936
5254 1624
8388 4550
9276 5633
3207 3186
9226 7401
8548 8342
1116 1613
3128 7810
8134 5528
9244 2638
1270 4495
598 276
3612 5743
2332 2561
2124 178
9298 3810
1156 7085
2875 3088
9828 9134
4304 5912
9055 103
1072 9197
2678 2487
468 9631
772 9336
7131 5118
2582 9015
320 5664
1048 1524
4337 3989
5527 7096
6285 4434
4544 6174
6953 7962
2665 2595
7352 132
2717 390
7921 7735
1937 8565
884 8304
9325 7988
6595 7654
3839 8565
4569 8510
603 7291
3852 5675
5338 7609
6816 9916
5091 8870
443 68
9326 3490
8239 7963
3180 2488
3415 6323
3708 8017
75 8210
1078 7208
1468 6468
5482 2693
9842 2364
9877 6315
8163 7090
1421 3236
6798 3396
2138 5927
591 4240
2348 572
1147 9005
9487 5755
2742 512
7994 289
8589 537
5618 4931
8682 6582
7178 1551
8103 4608
9523 6864
1170 9188
1167 9594
1256 2299
3071 3777
2812 6843
3871 996
5368 8896
6144 829
3037 9441
9490 9260
3654 1839
3942 32
8637 2936
8222 7988
6368 1232
5999 2875
3301 1716
6443 5092
5494 8767
5159 889
1304 2922
3126 1431
9029 3666
163 3159
7367 3168
2739 3942
94 7201
9716 1159
3773 1711
124 9744
1010 8423
7225 4021
7114 6492
9088 572
843 6631
4642 295
9350 6737
794 1653
6539 6180
2502 3615
3859 1913
9894 4230
1969 6285
6875 637
414 6595
2044 17
1771 8911
9892 7041
6269 5394
921 7472
5881 4206
1085 3708
1140 896
5421 2430
6081 5719
6399 6368
4769 8175
7245 9210
7621 5494
3623 4109
9453 7405
3501 8840
3742 8672
752 682
8858 254
1947 9487
9888 1958
2835 170
7246 8136
4003 2003
4278 6790
8561 6936
9674 4472
5748 3859
4710 2775
5937 2085
7743 9357
6920 6019
7097 5920
1347 3479
3717 4495
881 4960
4025 4904
3390 6842
4257 5805
4355 1081
4745 4850
2031 60
2814 2282
6498 7928
4668 4828
9668 7052
9077 1413
4141 4541
9848 5936
7130 9015
3252 996
1980 4597
4195 9863
9021 6425
5804 4962
4318 1431
1397 7127
3724 8103
2996 5
9144 9748
3977 5596
1300 6372
6342 5124
1775 6953
2018 2424
157 7244
1210 7224
8427 3893
9764 5748
5444 8985
1255 5118
9617 2243
7253 3389
9592 4729
3370 3095
1020 1320
1446 2660
2075 5587
704 2373
9815 7948
8452 2817
5625 1170
5056 2507
3749 1613
9190 8175
4635 9167
6787 7267
82 7194
9984 7728
5669 8664
4772 7269
3826 3903
4913 6156
2876 8827
9704 8398
6497 2299
4430 9463
7191 9033
8262 6755
2385 6156
8958 2769
8976 2031
9973 6700
8821 43
9840 7599
4774 5990
8298 7655
1095 6074
568 7241
4692 5347
5795 4644
7308 2633
8032 197
6284 7769
1009 3733
1916 2294
6957 4608
112 2424
8405 8710
1169 2893
7536 5052
2912 8870
5487 967
5120 3168
1231 6156
1817 8710
9059 5
2062 3882
2789 5881
2675 7769
8567 4123
9998 1072
8191 7128
4894 9961
5541 9515
6967 8868
5594 1430
3132 2590
2886 9637
1295 674
8081 6358
3744 72
2391 7240
6265 5052
1043 6787
3453 4366
2729 9582
1233 9868
2514 5192
5370 3159
3508 2784
1963 1920
4330 2488
7608 1170
1527 637
9504 3319
364 1958
1871 743
7084 7810
8706 2351
5458 8304
7331 5586
8645 3878
1047 7459
9308 2424
9141 8823
8915 8635
1829 3178
7722 9605
8378 5964
6181 4904
1550 2869
6396 463
6132 2487
9666 6516
273 786
8250 3537
8854 2488
2545 6297
8099 2638
9785 8554
5778 5871
3828 7126
7080 3475
747 9510
160 9330
9466 1129
6654 677
1828 7030
1703 97
9695 6239
1301 1054
9966 1197
2401 7851
4880 526
8755 5206
9247 5354
8385 2304
3085 6599
3033 4188
2228 7345
4190 5664
2856 6076
3146 3091
5975 6556
3481 4802
2847 7373
1062 9863
7042 1783
9132 1858
5398 9420
3683 8823
4619 8388
2657 7734
7762 8982
4007 271
6959 4936
6762 563
7495 1538
475 6269
4624 6926
6349 4594
8061 4569
7748 4837
8278 4837
6981 6847
9072 419
7624 1969
1163 1500
2972 8806
9667 4306
6607 3142
1505 3826
7132 6323
3750 8053
7822 9637
7695 8668
7465 9123
6496 6059
854 5759
6522 9764
2149 8882
5264 1420
6452 754
4104 3139
4181 5132
316 3904
4258 1365
3112 2351
8402 5398
7934 2539
3771 6520
8814 7270
6575 1147
3974 6842
5411 9196
8530 5054
7569 5486
2995 9498
7499 1920
4093 8403
7311 3180
1351 682
5326 6290
6026 975
9296 2710
9099 2745
437 7617
5968 5355
3210 1873
8771 3144
8282 753
7369 7039
9713 1311
9275 6568
3078 4851
2569 4909
2377 9637
5237 9980
9647 1060
8816 6580
9927 1140
3162 3112
3774 9015
2423 4689
3955 2832
7531 5141
9153 3974
2494 6727
4551 6482
323 6738
3253 6002
7736 7261
9956 1727
4471 9172
7422 8551
5362 7084
6752 6728
5639 5533
1076 5424
8754 3778
5540 2299
1425 2304
3276 8687
8151 6002
3780 1148
7317 1452
2826 554
7708 512
7391 8078
3747 2086
9976 5422
3801 8121
9165 2673
7290 6931
5537 9227
6678 1095
3121 967
9929 6103
5729 2098
987 1471
8178 9624
993 3955
8766 4110
5460 7936
5791 8821
6488 7246
7779 6687
2838 1137
2330 469
3122 3560
3950 1163
4446 1135
7956 5132
9596 6594
5796 1817
4228 4646
2887 8031
1404 3612
2194 8870
451 2123
9243 3301
7295 5444
2008 5871
9459 9463
759 4060
5259 4443
9495 4816
1380 6687
5077 8824
2010 2044
4697 3520
7774 572
9859 1045
9070 2730
9220 9863
7078 1167
4175 5876
8737 714
6969 5077
7741 7875
5977 4844
3907 3801
5337 8491
6613 2294
7365 6425
9822 7947
1314 6496
1762 9132
5601 3871
8022 4222
3597 993
8603 2340
7798 1063
4504 6134
4424 4703
4743 7230
4174 1873
5970 8828
9761 8262
4903 1505
1375 9463
5622 4131
5112 2228
1035 9080
3046 7352
1808 2194
5614 948
3417 1475
6856 7459
4274 2430
210 948
445 4188
7395 829
2217 112
6053 1861
6988 525
4728 7662
5873 9528
7533 5519
3265 5306
4593 6482
9745 2118
4809 75
7997 5362
8062 6941
3400 1582
1893 6018
7883 8516
4920 963
8454 5153
3100 1035
8723 1624
8334 8136
6117 6678
7475 3733
7432 4737
6043 3159
7188 3277
9100 3339
2473 5748
3929 4818
9554 3759
2100 3801
5696 3264
9954 3207
3729 7288
3004 8191
4277 335
4139 8096
3197 9227
9669 263
1966 5132
5452 5806
9649 1043
943 600
9285 5338
9855 3782
8088 3959
1194 8770
6561 4960
4506 9213
9422 8175
7723 3803
1112 5165
7731 896
2178 2875
1318 7892
1158 2976
6935 5681
4688 2684
6985 9326
7653 5876
4386 3273
242 2228
3220 546
4831 7174
1125 6181
6314 1037
5350 5560
7103 6621
2474 3823
1730 4894
5717 6002
4208 5614
426 2351
545 3163
9555 5253
5087 4240
3316 3176
9650 3627
4817 7465
2715 2680
9913 8402
6339 5486
4319 6372
1180 6594
3081 6002
4130 8100
1450 948
5746 1711
6722 3434
9290 9486
3909 7934
6155 9567
9046 5560
4494 3333
2057 4886
1908 4274
313 2539
6440 4430
1953 9059
9042 2735
465 6599
202 4984
8217 433
4708 9842
3601 3146
8442 4872
3249 3688
86 2846
6517 7128
6058 1054
309 7851
1265 1908
4764 7741
990 3258
1925 8134
5371 6443
8393 4809
9377 5918
1107 4424
4481 6872
7272 198
379 2486
2059 3323
1106 309
9875 5496
8108 1495
6042 9306
3885 9523
3619 592
2699 4240
9903 980
3789 1182
2352 1148
7672 762
4952 9393
7020 5669
2107 9760
5319 9357
6744 9859
2456 4090
8608 9755
9941 8454
767 6905
2173 1920
2849 7220
5799 1129
8173 2228
9690 3207
9553 7437
5684 6066
4034 7240
4974 6066
305 9906
5744 9567
9016 8258
4281 3885
2586 3178
562 8151
3647 2057
497 6908
6758 8989
8160 1452
8618 2304
7869 1631
7248 2138
2379 1908
315 8668
4526 4737
8005 9149
113 9029
9809 9504
7768 3252
238 6757
6229 4816
1932 6312
9590 7282
3372 9567
9222 7352
5608 7019
9323 3591
4527 9016
1205 1937
9024 5326
5580 767
741 9631
8142 6973
4762 7132
6754 1244
1563 1161
8002 7629
1377 76
5499 4711
1101 426
2771 794
7476 7536
8089 5452
6545 3115
2651 8141
5234 1283
171 3236
8186 2936
8670 8177
6524 3777
8120 8385
7393 3185
9048 1129
9383 5213
1941 4686
4552 448
5297 7097
5858 6985
3221 1508
7778 390
5226 612
3452 127
725 5601
2335 4924
9386 7822
9467 2648
2120 7731
1576 759
2039 7696
3348 1205
6986 9473
6461 2989
1160 9316
3894 5318
3618 1265
6005 2514
8912 1311
9572 1871
5197 7748
3329 9029
9365 5726
6972 4506
4832 4656
7396 1772
236 2625
1672 9226
5875 7947
6049 6163
2185 4962
6035 8002
755 2869
175 2723
6581 704
3208 4787
6206 3221
6662 603
1951 9647
9634 8867
8708 3591
9688 9295
6386 2194
8201 4060
7491 1771
2404 9413
4694 9480
3822 3112
8157 5892
9730 8405
7055 1718
631 7103
6966 9067
3241 2086
2863 7220
5756 9651
6699 5642
1400 2059
3840 8510
7518 1920
9804 2447
552 3733
6673 5932
6892 741
3824 7851
9911 9888
6965 3406
1359 6158
5648 2321
2341 6914
7285 4786
8922 2055
2520 8565
7183 5569
1305 2294
4791 9357
9366 9016
6495 250
5807 1421
1259 4995
4411 2341
7173 4265
8489 3006
2954 4093
9185 9042
7423 4831
3566 9169
2375 3959
4396 1589
1882 5206
2054 3537
1296 1969
1328 2082
6992 9135
5145 3834
4921 563
9152 7269
3887 8155
8519 9231
9611 8342
9757 378
901 103
808 9342
8308 2833
456 3258
7651 7898
2592 1106
4076 2178
4740 8682
8518 3281
3691 9865
2147 1792
1904 5916
2630 5253
1759 3537
6954 7240
2973 6005
2918 5537
8003 8877
4574 3153
519 1265
4135 2223
7664 8685
6833 4282
2143 4396
8938 9842
4327 1296
7887 8868
9679 6755
3947 4797
1806 2771
5921 3929
1749 8793
3172 4136
1926 4002
8529 9961
115 7
4374 9316
4567 3406
5609 2539
5455 2486
1764 2075
2166 7375
1050 7815
8735 4001
351 5871
5672 4740
5493 372
137 4774
7380 6355
3382 4089
8568 2812
847 8178
5155 3415
4223 4851
1483 6016
6106 7396
5846 7735
7468 2054
7296 9677
6548 2767
9926 2875
7931 1169
957 1537
7366 9988
4693 2300
9609 2826
1226 7241
9723 2831
636 3220
4009 2299
3379 1281
8252 1045
3558 2922
2146 7369
5395 6081
7786 5788
4026 5184
8869 6059
3052 4228
1588 8160
905 1941
5610 4381
1915 1546
2516 614
2056 3777
6393 3924
5076 5112
4530 4764
5168 3646
2935 4619
3900 8136
8643 37
5790 8173
8069 3451
7575 4962
8313 7282
4992 309
8966 6735
285 754
4875 7375
9191 9490
4532 893
1988 8169
1150 4025
925 6986
927 7019
5616 9170
7714 631
248 5675
416 115
8130 5972
6710 1259
3425 1980
2733 5927
4154 3947
9303 1048
6570 4472
1614 7208
9522 8262
395 6787
9969 4574
8778 8415
7637 4257
8626 6132
9516 1788
6217 884
3174 9713
1479 9454
6993 3168
2977 9244
2210 4679
4733 5631
1303 246
6385 1076
4533 2389
6398 202
8418 1993
4758 9152
6822 6914
2664 6463
3066 24
6330 4740
4371 1764
4547 2022
4269 9666
8615 1405
9548 5533
6602 4679
3056 7682
8646 4762
2106 8405
2482 8646
7969 4154
5170 3490
1429 8880
7101 5056
8000 1037
2970 1838
6487 6425
9569 1043
9094 3281
1630 6399
3067 5664
5991 1632
3341 1328
615 421
455 416
5734 1397
8438 9495
1797 6905
2140 1425
779 426
344 160
4422 3105
4997 43
4183 6482
6431 1176
5188 7422
2333 6206
363 5920
5312 9308
6162 4787
1683 6372
7562 9298
784 5805
5860 741
8713 9583
2696 7380
6823 3341
5852 9929
2310 6583
2204 3180
5382 4818
8181 7500
3832 6957
1586 6905
4153 5076
3605 1255
2020 230
1103 1631
7073 6757
4155 1316
6472 336
6231 5072
4859 1129
1143 1972
6756 6908
8647 5233
8015 9785
5670 8982
98 8870
8303 943
1604 7021
4623 3977
7424 6842
4586 4694
4947 1624
9670 2100
5930 403
2303 8541
5506 1988
8807 5424
7095 97
6743 6981
6884 5938
5321 4866
3682 4635
9109 7475
5331 4594
8832 5806
1685 7224
2603 6339
4963 1422
9795 6967
459 5743
2065 5337
4186 2798
3137 7201
4236 2539
6203 8579
3279 426
7584 8766
6999 3871
9253 5
7483 3479
7382 975
8459 2149
3946 4056
9177 5067
3949 2605
432 5362
9104 5702
3179 3637
0 1944
4227 2059
659 8603
934 9888
177 1660
2557 7237
2021 7438
4808 7664
5736 1749
1119 5527
9780 8869
2992 6492
9796 3303
813 4875
6337 9488
6588 7194
4099 9397
7838 1479
7356 1320
8597 7551
221 3548
9967 2486
1187 8282
3013 9342
8941 4903
1451 2520
7234 2335
5327 3475
6525 7815
5160 1406
8809 2262
9387 6662
6646 8418
436 3178
1198 1644
1526 5915
7583 6002
8049 7892
2157 4738
7256 1404
6464 1106
9652 9686
5890 7810
7552 8461
2515 9769
2358 112
3457 8858
2399 4997
5900 468
1532 6654
3983 3186
1761 3103
9374 7224
9263 8264
9120 772
6449 9529
2160 6134
6898 9745
7035 1613
6006 8832
7249 9323
2728 5460
6108 9527
8019 5644
4666 4381
4835 4642
3437 1233
3676 251
6527 9748
2438 1219
7525 6055
5212 2223
5473 541
133 1828
697 6385
7198 921
8808 5580
1540 8056
1600 8692
7136 8804
5100 1060
2551 5213
5218 8805
9825 5618
8045 893
404 5003
4086 4561
9663 4816
1544 7133
2792 2056
5062 8519
9458 2327
6686 8258
9812 8672
8975 7769
9890 8516
2762 2401
7149 3637
6201 5702
292 3635
496 4667
7145 7291
8575 129
8762 8342
627 9298
2610 9135
2061 4128
7037 7662
6309 3580
4700 3415
4084 4666
6326 1772
9014 767
9844 3602
6486 1010
5784 7637
9073 2886
2711 3777
7243 6743
6446 313
702 1474
4451 4800
8980 9721
9416 3319
3755 5846
4096 7483
6072 4656
7400 3695
3897 2441
184 8342
7181 3755
8761 9135
7967 6035
4865 2717
3107 6724
6519 4374
8572 2373
3751 3789
3781 5736
4322 7080
8424 8912
347 2840
2937 9153
3551 2812
3857 8157
1785 5495
6995 4639
8734 7032
4185 3180
8373 7145
8263 6269
2077 7373
2895 2456
308 5174
2446 1778
5931 404
8417 9088
5525 3840
1738 9387
9613 2382
211 870
5708 5938
5284 8424
1617 8989
5638 127
727 2696
9638 5153
8852 1281
2216 4698
9657 4722
5305 179
329 1347
5783 1656
2806 5458
3075 8507
2535 8092
669 7148
6564 6524
9425 7736
162 6464
3404 6757
224 8229
2981 4547
8296 3179
1080 6155
8336 4787
4124 1797
1896 8658
8845 8926
4219 5193
4727 9325
2007 1618
1332 8222
5889 2332
8946 1839
2802 8561
8503 3506
6818 8617
2187 9510
4120 3348
3796 5159
9107 1724
6870 1568
6161 7967
6614 378
120 3389
1569 4832
5223 8026
910 5223
3259 889
225 4026
7566 7491
7763 6905
972 9804
3875 436
516 3252
8789 1829
7387 3676
4579 2736
2099 772
7797 3755
5409 5537
2023 6517
4953 3251
8029 1421
1275 8637
7824 8933
7626 2972
4517 6372
6210 8375
6429 119
722 4997
4018 1343
4677 8672
3422 5170
2325 5218
3331 7438
1336 5153
680 6884
3054 5237
716 2574
6109 2743
9656 1937
1432 5939
1511 5245
8139 6877
1748 2482
9102 9104
8117 6201
9160 636
380 313
5075 4729
4620 212
8892 1653
4812 6516
5558 5655
7298 7241
9512 9386
7905 8987
2808 1624
811 6323
3464 9303
3368 1158
4372 1045
2050 636
1388 9956
2659 6905
387 8710
7510 8400
8414 3558
2273 5169
4633 7829
3428 7979
7177 7249
4638 7308
1978 8151
9799 9516
7139 6174
5016 4060
109 7311
3047 5370
7321 1589
7350 1838
2097 7114
971 9243
708 3747
3785 5726
8437 4728
3892 5075
5704 5337
4308 2389
1361 2937
2853 8160
6702 1318
5838 8828
3932 8921
7203 7988
793 547
2148 9072
1068 3773
9052 8877
3235 2785
8276 1937
8955 5237
2882 8706
2703 9172
875 9796
941 4348
9940 2808
9589 5784
6929 4570
7904 7814
3540 1340
1981 7240
4755 6575
8035 3374
3675 2112
1979 5999
5098 5655
3486 1979
6916 636
5358 2974
5417 4641
5311 3803
2451 6823
561 2316
4560 6581
2747 1047
5419 9041
6321 9779
9833 7654
5859 8973
5727 6757
7357 2582
4163 7988
5044 516
3899 934
2800 3739
626 2055
8598 5449
3040 1576
7519 8334
7398 1527
3891 2106
3384 8086
3576 2817
6227 5726
8573 1731
2965 1604
8182 2302
1811 6026
2126 4135
8038 1116
3816 1177
1929 175
5310 2424
9225 8003
4690 4509
6612 7019
9133 2895
282 2082
8311 8597
6289 1544
9788 1738
3952 4009
7205 5077
9411 4085
8190 2085
501 3306
4042 4387
7196 6966
517 2220
3715 6522
1798 4130
55 2900
7830 5970
7771 6999
7806 2143
4302 5790
2356 8670
8794 9080
382 8461
9078 3251
5534 7321
944 568
6232 211
8917 867
5296 5858
8791 4274
7354 5242
9479 9642
478 4138
6721 37
8434 43
9546 8770
5872 3551
1595 5184
1496 86
1746 6472
4548 7963
7102 1291
7050 2743
4919 7101
61 6570
764 5991
8064 9721
6388 562
8818 6431
5565 9306
2815 1127
4683 6522
228 2582
7277 4942
252 9892
6792 4762
8974 292
7146 2178
6115 8308
8156 475
9565 7427
1967 3209
5646 2356
1566 2088
1152 9916
4970 3506
7957 7291
2577 9373
1040 8541
7252 1318
4323 6993
872 5796
7915 3346
5446 5297
9671 2294
7823 4548
8396 1081
9749 8298
6903 6106
5683 6754
7650 1868
4695 3095
6693 417
5896 3333
1196 8336
7630 3200
6910 6121
9142 2302
5065 1963
1486 8575
2152 6398
9010 1496
2585 674
7066 5155
9974 3259
5359 7510
5048 9634
795 3502
3373 5052
406 3560
2289 6969
1766 1068
3097 8682
4017 7272
4488 4711
3692 2166
7712 6931
2719 3241
6467 1045
8945 7608
5064 8276
9739 7814
5904 3197
1016 7240
2471 1131
643 6818
1074 4720
3166 2767
7502 1360
8887 9779
7009 5234
3854 5918
9299 4755
9942 9730
909 8398
5290 433
2238 1131
6799 8056
660 3580
9385 5614
9603 7500
5407 6920
408 6018
8030 6424
1373 3200
2317 5964
6812 525
797 7551
6917 8017
7022 9377
9570 5748
1619 7921
1241 6872
16 3580
5142 2648
742 6724
6062 2038
3211 786
6317 1809
2380 5999
6919 1016
5397 8761
8409 6929
2816 1817
6234 115
2425 351
7987 7979
2987 3006
3418 6206
2748 7248
8481 405
5103 5092
5293 6638
4480 7629
8532 1967
3101 7019
3493 4802
3802 2617
9517 1617
7669 4886
6810 6387
798 2748
2623 7178
3473 4443
1250 5904
8947 4371
8898 5460
7756 4236
9237 3379
3290 6724
7849 9211
5588 5814
2070 3732
2932 7252
8087 5736
4901 8181
5627 3624
7853 7734
6039 7405
4768 5054
4079 7850
5204 4009
7481 3875
5178 9335
4905 3422
6606 2557
9462 3210
1455 8921
577 975
3792 8188
681 8423
3292 2160
5050 8643
215 5473
3812 3946
3634 5614
6745 4800
8889 3374
9873 2021
1605 9480
3096 4458
7684 8529
8899 2541
466 7712
9885 1718
8599 2826
122 2137
8715 2352
2613 406
6332 4693
1136 9888
2952 8665
9189 8459
4798 3580
7740 7556
1985 4237
5088 2612
544 9246
9394 9679
3523 6524
7549 3732
4022 9177
4125 1062
4292 5866
4911 347
8700 4639
2562 7883
4502 727
6596 3894
1419 3386
2496 7465
2526 4472
7683 5087
4049 9244
5680 2137
4172 4835
7579 6431
8129 8832
3298 2739
4746 5357
6955 111
8731 867
5660 9504
6507 2665
5450 2558
121 6631
8549 2282
7618 8452
9925 2968
5947 3642
2615 7243
3239 459
4632 1232
3570 8002
5824 3825
9242 5075
8436 2787
3718 3176
946 623
6558 6662
5219 2147
6052 3252
1564 7695
9615 4434
2412 9107
796 9674
8318 5170
6095 4924
5211 2520
5034 5088
2944 8668
6650 1081
3963 4828
283 9752
3283 8737
6951 2617
5886 993
5035 518
4152 2100
3449 68
8957 5354
6689 8941
770 8941
7861 4593
4553 1270
6204 1963
4529 3319
293 3793
3920 7524
2749 4367
4888 6993
6430 6399
8317 2085
4507 1631
2616 2887
6202 7805
1263 6472
1098 2721
6403 3635
2296 4558
4270 674
4595 8723
7397 4387
6294 8424
6295 3264
2365 1981
6706 7288
9121 119
9678 122
8227 7243
2536 5565
939 8955
947 7095
4761 3785
3754 4034
3631 2646
8716 6523
3716 4472
1610 9052
2402 496
587 6872
5810 9487
5654 818
8123 7114
1236 8081
4221 4904
5343 2478
9689 3142
9457 6039
6777 1116
3600 3382
8286 5999
8916 5436
7610 910
6677 3619
6515 8723
2975 7073
2553 9154
8616 383
6319 889
4054 6445
3831 9516
4246 6035
7330 3839
2489 6724
3255 0
535 3383
9006 5655
1440 8130
8268 7191
9990 6517
9581 3576
6437 1426
4938 669
1427 9657
368 3891
4925 669
622 2050
1252 4494
1249 9873
8441 8812
5772 3715
6530 4569
5761 4123
6991 386
2669 980
2946 347
5501 7491
4681 8081
8574 1267
2631 4371
6189 5627
1338 7507
8774 8912
6313 7084
1105 7129
5966 4668
8971 3513
7335 6843
4194 7708
5217 5900
8439 2729
6601 433
369 7408
4685 8911
8494 2981
8357 9889
392 2715
9784 5719
7302 1288
6173 659
2232 8922
5038 7803
2810 7106
4231 1267
4757 8771
6655 921
3775 3798
7846 1054
8006 3642
4244 615
4364 5374
9168 2220
4160 19
7767 6464
3765 5374
6353 1068
4225 5846
6216 4502
439 2831
3827 798
9834 5733
1433 5305
4413 5394
3469 3114
1855 2441
1324 7132
6869 1270
35 7654
6589 4471
3984 246
5973 5648
1831 1538
7955 4850
3848 5169
8144 9005
1113 1338
6928 3824
3014 3403
3607 2748
7908 6816
4892 1343
3636 5736
5899 3431
6859 14
1174 1101
3745 2126
3007 289
642 6655
5945 3306
676 3122
6455 2905
5186 6561
6895 7892
1853 9613
8042 2243
1529 1893
6577 9099
7954 2810
937 7731
9286 4118
9203 5896
4271 3690
2224 1324
2110 2157
6501 6066
2888 7345
9854 2343
8545 3249
3182 3479
8381 7820
5656 9695
5266 971
2870 2018
8747 9959
2127 6482
7826 6132
9166 3792
3158 3909
8044 5795
7410 8222
9320 7399
3838 8182
2563 6234
6056 1775
2431 4737
3864 4246
1774 137
3895 6735
9287 3715
1680 1858
2948 5656
7004 3146
2201 5284
8340 7549
6712 2889
4799 5112
2090 2493
9866 9822
8356 8867
5550 9285
5605 7173
5262 2789
9214 9522
8681 3112
3629 5784
7154 9903
9962 1783
5629 7357
3996 9834
8797 3078
4450 4680
3175 6445
9256 5736
8074 3362
4030 8402
8931 4691
581 577
6708 9335
5576 537
1933 2534
2791 1743
1643 6108
2671 795
3625 2948
6695 754
4631 4270
5375 431
9355 4319
8879 3635
929 3885
3030 2582
2998 6580
4295 4124
737 3374
904 3977
2920 3153
2679 4172
9593 759
7858 4002
5849 456
7171 7774
1865 1380
7832 4322
8346 9656
6276 4692
4637 427
5257 2344
9943 3750
6600 687
4214 6659
146 9480
5280 8461
8902 4175
2628 3812
5914 2215
5322 2124
1229 8635
154 8589
2587 5903
4927 929
5884 5778
57 6117
9556 5530
6322 2743
3405 3633
5158 276
3669 3621
8520 1068
8281 3054
8270 9618
5815 1838
4854 1809
1153 4281
2666 737
6528 5904
40 975
8981 8173
6857 9570
253 755
1284 6326
4280 1994
3936 1446
95 1829
3230 9757
9979 3907
8036 6322
4663 9704
5971 6497
1801 5264
5946 4666
4011 238
2565 8777
4423 4054
6851 5409
7816 4574
9358 3309
9312 263
278 7096
8179 3046
4896 5160
2632 9941
143 925
8522 9916
5801 2729
7570 1385
576 8489
5032 592
9776 4018
9493 7357
5013 8175
6104 5168
6282 3095
5690 1307
7490 5860
1423 7317
8965 5866
906 3071
6341 6787
1990 9956
6947 6568
9127 8388
1740 7136
1465 8494
6774 8597
4476 7268
3545 6607
5857 316
5687 9985
4229 9493
4669 1450
2252 8120
1547 225
8872 146
4197 4883
9864 9554
9319 1761
2436 119
5782 4186
765 9757
8977 9785
6414 9243
4813 6507
5082 129
6271 9715
2639 7664
5753 4697
8790 7073
9602 870
4879 94
2969 5077
4664 9889
8934 1508
3177 4835
1298 7080
1983 320
102 4768
859 9553
4362 7626
4482 8044
182 8975
5692 2721
2374 9529
4473 9529
7134 6833
2828 6981
4980 5204
4976 4265
3526 5218
1688 7534
8234 9080
1668 7020
6901 5140
3918 364
1093 1978
8114 5756
5480 8006
1805 8400
9391 7146
5451 1979
8325 6452
9322 2149
6084 2654
7757 9530
945 4190
5652 8178
9706 5168
3986 4230
1083 631
413 6485
7025 4091
9112 4787
6328 2849
6266 4921
2908 419
4655 1043
3476 132
377 4175
4956 2835
2134 829
123 3904
4151 672
2191 4551
5131 5424
7062 6282
2101 5932
3485 5924
9614 1617
8124 1806
4317 4109
5816 293
505 4995
1678 8946
3738 5430
2509 9998
1097 2537
3266 3582
3968 1644
1053 4963
4926 4091
6093 4743
8655 7191
9536 4323
4392 9066
1031 8823
3902 8430
7972 2210
4213 4695
974 380
8426 4602
8390 8175
5577 3685
3248 4163
6780 3007
4742 1430
8913 7637
9717 6640
8904 9638
9697 9286
5156 7047
8874 9754
4193 1452
9629 5364
863 5804
9819 4246
8781 7416
1710 4480
7674 2754
7275 1569
9281 2425
724 6498
8153 373
1886 6189
8988 7881
5137 9668
1815 6147
2508 7102
3809 8516
6367 2016
9176 2838
1846 3778
2681 1863
2013 2932
8332 17
9427 7393
1248 9679
2979 1904
773 9355
7865 7237
3305 1831
9157 2147
4877 797
840 8747
803 9614
632 351
8007 4471
5928 8328
2538 309
8991 3435
4928 3166
6346 2475
8148 3175
2035 5312
2462 6203
6533 162
9741 2497
903 3177
7310 6398
912 5650
6615 9946
4973 9757
2226 5583
6768 6614
8231 9877
4975 875
45 3793
4792 6678
9632 4450
6280 3564
1572 914
584 2036
8649 2491
2523 2973
2427 2317
667 7967
7521 6856
3525 1059
6075 8872
5281 6147
2602 2912
5628 6659
9443 6528
7107 5539
8192 2466
3614 1937
3495 9046
5516 6740
7158 4911
5716 2615
7276 2577
4568 5390
397 6825
7628 102
6622 9788
1006 7234
7755 3748
5632 5186
5377 677
8501 2204
5441 2590
9830 4921
9038 1037
3025 3265
4217 1848
6871 347
3242 6570
8294 3986
9720 7267
3898 1113
1287 6584
8508 8974
1240 2814
1493 3544
6509 6431
4182 2377
3556 5650
6141 4956
6714 5648
6350 9699
530 9480
8394 8889
5612 8789
5720 8092
9125 8427
5769 5253
6940 437
39 5932
7633 4691
5224 5038
2307 2935
1955 6058
7522 1472
7613 3508
6360 2846
2778 2327
2783 329
4419 2703
1030 8231
2165 8409
8796 9668
4324 9834
620 3146
4754 9041
5659 1718
319 6019
6071 1093
7215 5655
3578 8318
5728 2044
8413 7496
8392 2491
2292 6227
338 3781
1329 5206
7877 8157
9982 5646
520 8086
3529 2220
8952 4364
8425 4656
2697 3115
635 1805
9047 1259
6775 753
7197 132
593 9632
9525 5266
8406 8044
6124 6076
1894 5824
3779 4872
2844 525
6205 8626
7113 7905
3363 5446
3808 7197
3804 7335
7940 7173
3401 1405
116 5629
4999 2707
6129 7445
6899 4532
164 8178
6506 8554
9126 9167
2768 7459
2409 6951
6690 7173
5574 9299
3312 4791
602 8916
4414 7239
3257 7723
2620 5035
2960 9337
6402 4217
3521 9788
569 201
855 115
4394 8427
4338 3619
4094 3323
1825 9880
4525 5680
3074 8178
90 7850
6068 2219
5373 6332
9384 8845
5229 1969
7949 9357
4045 3434
2955 7366
5267 5930
8606 5975
3948 7196
6764 2806
4126 8388
3843 1311
9908 4886
5114 5473
6420 4843
2662 3540
4701 478
790 2386
7920 9166
4930 8989
7121 3615
5529 5032
2153 6917
1676 260
2440 3875
1280 3054
3500 7459
2892 2856
262 4720
1629 8995
691 4017
8839 1076
5564 7934
1995 1255
4267 7401
4715 4558
2929 9299
4164 3744
6225 1839
7292 3897
3347 9403
318 9099
9054 37
2884 5326
9074 6818
9018 4631
1647 5719
9163 2906
7999 9663
7666 5804
1719 1896
8900 3096
8162 6959
969 1182
1807 1610
4198 5622
5006 2565
7557 2213
1603 3878
5584 4109
978 7948
2982 1050
4284 6124
2268 8114
6253 2656
9901 8789
450 8406
7110 8921
2139 2097
7412 6081
2978 8332
7378 2073
715 552
2597 5358
503 8005
2813 1177
6692 4692
3133 6622
8984 7243
8757 4495
2025 8173
7670 2948
6713 2920
3106 4638
6395 9268
8729 1288
3995 8858
5861 6385
8591 2613
2641 1495
1699 4992
9585 8097
2688 2847
7299 8936
6376 9841
8432 315
1326 1994
7781 3798
5567 3426
9259 7401
1469 6315
7426 8597
907 4812
618 626
7977 3775
956 4903
7323 1232
7847 7105
8200 9894
721 7468
4044 1705
2795 7921
358 6892
2209 5892
7232 7562
1005 1177
9158 9669
5404 7293
7589 8807
644 5904
1204 3452
2986 8438
8395 448
3727 2657
299 2107
3509 6658
6444 5921
1585 2979
6784 7178
2163 9819
9405 1318
6475 3777
7278 260
7341 5233
7909 2970
9049 6871
2324 8616
8570 4679
4884 7423
7985 6420
8165 1972
4718 7492
1039 4631
2047 7052
1123 9073
1982 344
3923 5539
2760 8643
1891 2968
6627 9999
4856 8530
949 1811
7286 347
3412 1716
4344 9875
7677 4061
8449 8822
5049 6867
5517 3717
85 8099
8397 8902
3123 6539
3120 8125
1503 1532
6127 1116
4119 4574
3813 2624
522 1953
8271 4926
5090 5193
9118 4700
7760 5065
2355 3894
4148 4668
2468 8325
2573 7397
7383 8947
7214 8731
2092 8141
8344 6825
1938 9275
8226 94
3830 4637
1859 4746
8143 7295
1470 86
9379 45
1290 3570
8749 210
9633 4639
7187 5487
931 3761
7776 3004
1370 7146
259 9527
6111 9355
9219 6276
8550 1779
7563 1249
916 6856
7379 7195
6544 5579
7620 6792
83 3875
5215 7977
9472 8797
105 7379
3992 2191
9230 9160
5623 6548
2320 7551
6742 9177
460 3903
5078 8043
1769 643
5014 5715
3353 9296
6030 4451
8095 2630
9995 6615
8073 4190
5194 2307
9577 903
2156 2061
5531 8808
8674 4729
429 2106
6392 3878
6749 5178
7754 6737
1973 2922
1735 3249
7151 4506
3807 5744
7555 1775
739 2778
2 320
2591 6134
4087 8175
6382 1831
9845 8418
9772 3301
499 9906
5236 5266
5851 8899
4409 377
8942 3379
5902 9969
354 273
6221 4680
989 3891
7455 4472
1398 1822
5097 679
9348 8761
3119 8831
2403 4657
3760 1743
1215 8755
824 934
6136 9188
595 7977
5954 1336
7493 231
1773 3085
1461 6319
6470 1711
8785 7967
2397 7492
6079 7243
2463 2610
6665 7412
894 5069
586 1362
3104 4213
7863 2216
5335 1280
2286 6290
7273 9651
3206 6382
5405 6528
3712 7858
6212 9314
9917 7799
3324 3418
8939 8591
8133 6056
4573 2882
3725 1585
7634 706
6711 7026
6587 1244
4307 601
527 1160
3757 8286
1110 2882
8611 1316
7364 6772
5850 4003
2109 2912
7100 6285
2275 6775
650 2310
5750 5170
8553 8568
4734 8551
4453 5530
4618 9667
1712 9260
8094 6928
1539 4873
1428 1748
6442 5482
2611 6936
3381 8308
8585 9669
9662 1759
7418 1250
5464 4394
2930 3857
5143 2587
2495 8182
7788 1244
7874 6180
1594 1886
6491 9078
8107 2591
8509 2208
8820 7915
5201 7148
6023 9243
6623 5142
3641 1072
6701 5533
1466 6449
8979 5670
4036 7983
8464 4450
8512 8832
2283 2126
2206 5048
2128 9572
9017 6425
8412 3182
3697 6082
2017 9903
4782 7797
692 3292
9580 2673
9433 600
457 171
2246 2623
2949 9969
2207 7073
1410 2232
6412 1518
322 7050
385 1653
5057 3893
6356 7975
9860 5567
4898 946
673 1660
174 6724
4545 9422
9801 6648
3817 4737
3967 6658
3156 5866
5688 502
4759 8053
6022 8192
9588 7613
6421 2577
2290 4764
2947 1926
9874 1275
239 2784
8876 1270
1689 5487
2945 7948
9692 643
1634 8357
4341 5233
1734 6917
9992 1080
7700 3580
3077 7037
1115 7966
4438 5333
8119 5838
4158 5322
7170 240
4605 2035
1055 1963
4793 8124
1552 3329
7596 3773
7056 6792
5765 2016
9986 1643
8534 2965
1513 545
4489 2017
4887 847
2293 946
733 7492
4717 4306
4814 9070
2866 9788
788 4925
1492 8512
1541 1307
2921 5805
1752 3759
3287 971
4117 5900
1820 9603
935 7947
8382 9222
2682 457
2331 9992
8536 9443
8676 1060
4994 7335
1155 2769
6494 5537
5135 437
2579 2021
3057 905
5095 5215
7636 3986
2236 2289
5288 9583
2231 906
2824 1915
2081 3789
8299 8731
7098 4304
2618 5516
9251 7395
7795 9961
2288 8182
1319 3854
2480 7080
8011 1972
7671 6156
4783 1429
7067 6498
5161 9366
220 7956
3592 6350
9354 8841
3696 3904
760 1617
8131 4703
6299 608
6620 3633
4266 520
1122 2358
8861 4632
7804 9365
8714 2143
9044 3374
820 2341
9317 1365
2614 3911
6008 8570
1306 4570
5985 2356
492 7022
7646 8439
9936 8095
3254 4419
9511 1284
453 6104
7644 9504
2548 120
9140 2016
9895 6941
6041 5631
7473 6147
8620 5112
688 650
5041 5224
5894 9841
1578 7278
7394 4799
8370 9880
6574 632
6397 859
1024 9316
2460 1829
8600 9941
3205 9498
9465 2789
9272 1699
4114 4692
7089 1710
4298 6005
6750 5668
6405 2095
1751 7947
4599 4155
8601 3455
2980 996
5463 3469
9566 6161
1673 2044
306 8336
5079 6023
7017 702
2186 1445
3268 6055
8351 1953
6345 878
5465 3022
7952 6706
384 5090
4662 3415
5948 6463
7109 9080
2938 2562
1997 5558
4957 6093
1911 2013
4444 9875
5440 1811
5941 9185
4543 4666
5420 7931
2444 9699
922 1135
5438 3760
3896 9163
2280 6756
2501 2603
355 4118
886 911
7925 112
8253 3628
2370 9337
1175 5390
6896 1911
2212 1314
5029 225
9364 2945
1701 7672
3061 5675
4027 9670
4397 5838
5917 3211
8992 4261
5085 5917
7370 5384
7353 6856
3055 3959
9849 5565
2891 8692
3966 943
9963 9662
4731 9196
995 2380
6889 9988
5552 3453
9469 8773
4943 7084
4331 3612
9130 5354
2854 1984
1142 3578
2966 8589
5888 9637
3665 9908
7409 7273
1193 9817
6980 5876
3847 5650
1907 4438
1919 7100
5982 7549
7719 5856
2433 6780
5181 8304
5771 1513
9291 8904
9450 6914
5330 3539
5906 6289
932 4997
5410 5858
7953 1043
1269 2375
701 8801
670 9632
6552 6111
88 9268
1242 6869
8859 9590
4908 1722
2550 3359
7910 2088
4917 9873
7314 5966
3504 4298
9910 9374
7739 3502
7546 5069
3677 1098
7359 2332
1695 4338
7732 9488
6010 3605
9502 4374
3698 5733
7950 7565
7070 228
4433 1319
4955 1746
2923 6607
4801 5322
1108 2127
1555 8882
7982 7741
961 9741
2230 7129
7343 5293
3734 8392
2111 6174
6863 2710
567 627
1206 8854
1917 2109
5504 7331
1721 9348
9267 5596
9438 157
9445 1576
4156 8785
9648 8095
2372 1741
4626 2995
3118 9686
8546 3600
6411 2989
4014 3400
327 912
4454 3144
7329 4769
1998 9692
4870 2971
5428 7811
5074 380
5909 4768
661 644
3079 1451
8779 1951
5606 3146
3484 5807
4971 7803
8126 5896
8849 2905
1946 2165
5515 5441
4416 4085
1354 4125
5015 715
2181 9877
5570 1148
7069 7910
2040 7617
4996 9733
7598 706
1939 2160
4262 9018
2200 7743
3985 2148
1374 1595
9506 4908
5835 2401
9783 3323
7157 4277
3538 7700
1189 5316
8309 5506
6608 8043
2313 3426
8497 3545
2650 1083
7435 770
7386 3356
6794 1731
7724 8424
1621 9448
4170 3192
7449 7277
1207 1395
9693 8402
6915 2743
4191 4502
1931 8298
6630 4757
1237 2200
2626 1106
359 8117
3547 9358
8864 6454
3246 5688
2572 2038
7221 2714
1943 8052
4790 5675
2500 6889
4986 2743
6051 6594
3511 3903
9101 2985
1234 518
2445 8155
8750 1993
7938 3923
9821 5394
1274 129
5521 5465
8116 4054
7856 7373
7325 4761
761 7957
1412 9713
8333 9299
7083 6175
6215 4197
8817 3600
3377 8439
5661 4222
5673 1829
6793 5482
9343 7956
7707 4759
5467 4453
5096 7669
892 4680
1484 1540
2103 2010
4441 2092
8419 9569
7995 7092
5575 7983
3204 2316
8224 7621
5222 7531
8241 2018
7595 3251
1549 2280
1488 8423
7467 8965
1975 8157
5030 1537
5111 1392
9806 5847
4410 4975
7384 9326
5027 8126
4528 7468
2063 3319
5836 1248
6944 9844
763 2494
8225 2826
1075 5528
2770 198
7346 9594
8792 824
6047 937
5459 210
1584 5452
3031 3509
4604 754
5328 5733
8310 4298
9265 1746
5024 5601
6061 4364
6466 2286
4751 2140
8871 6895
7772 3403
2942 1189
3596 584
214 7483
3349 7674
3065 2791
2180 6485
7332 7100
34 6859
9831 6806
2334 522
9173 7092
8205 5360
8070 8532
3317 1385
2532 4662
918 8646
216 7685
703 6929
8826 2516
3941 3374
5551 260
8486 4246
4902 1124
5179 5559
1447 9397
8588 4054
4121 6825
2713 2886
9902 6256
2034 8119
6912 8117
7254 9668
3361 3717
799 5409
3151 1412
7605 2034
7885 8142
6679 4362
9972 1568
5010 2238
6771 9173
2053 2855
3653 5838
4063 450
27 7030
7166 8129
2766 1101
7652 1820
8260 6695
7593 1529
353 6702
3583 6517
1635 9112
8728 2654
5447 8121
9884 4282
2716 5495
5393 8900
6921 4932
7002 600
5544 1135
7698 3848
6669 5623
5837 2537
9485 904
8784 1142
3038 1072
1092 929
6684 7148
6814 5463
8612 5197
6502 8044
2830 4962
1499 8268
523 2965
9009 7596
6157 3475
9171 678
3448 7145
583 9444
3427 8381
3416 7757
7882 3372
5399 3374
8285 9637
1675 679
1823 2855
666 8192
7889 4093
540 7170
4487 742
7313 7892
1146 2025
8257 9386
2737 5525
4916 8902
3169 4597
5834 6162
4781 9913
4721 4473
2066 4971
7374 886
7227 6052
5185 1967
495 2798
2513 9689
3026 9220
812 5759
3686 5744
1184 8205
2318 8522
5475 3112
8535 7194
3083 9973
6450 5728
712 2275
7612 1377
2655 2985
1310 7837
4671 544
7812 2331
853 1963
6119 3539
7482 9966
6410 8298
3295 7759
2132 8449
4778 3682
830 5048
8232 5860
6820 724
7658 3501
1733 6588
9426 7335
6032 9243
7094 1839
2957 4458
8025 7383
7441 1206
4684 5016
1543 6221
1317 9528
8024 7954
6971 9427
3289 4179
6101 7655
5620 1140
2006 9741
5308 7423
2701 8035
4752 4240
4020 3718
826 3041
6230 273
3689 661
6310 2095
5315 6981
841 4835
7283 6678
3342 4208
208 603
6938 3729
4291 4801
4400 672
718 7920
6521 4793
9218 2098
7218 9126
1239 2057
895 4111
8431 7240
3365 6638
769 7820
6801 9642
7668 68
8878 1546
3270 289
564 215
7219 3801
2048 5623
144 4783
2205 6396
6741 5029
9204 6921
6785 5224
556 8670
2556 9854
7627 6497
423 9855
710 9127
2394 4267
8214 3619
1664 9885
3460 4246
3116 4046
7287 7714
5749 7107
4103 601
3588 4182
4248 2986
5827 236
9957 495
5243 358
7827 4337
9994 4656
4296 6944
5738 9620
8705 2915
1657 1614
6260 1966
2105 3452
3017 4026
7363 8981
4890 858
8207 563
5166 6157
5285 1772
8216 1326
3979 9177
8967 911
3035 7856
6116 6323
3244 5326
2927 295
3439 8017
7479 9291
4166 2608
7764 5281
1022 3697
5434 4533
542 9700
9575 250
4314 1685
4339 6495
8772 3556
3910 5280
10 7570
5080 1125
2772 2364
6214 2501
9746 3254
873 369
6096 8141
2483 3545
6962 404
8164 8845
243 2061
7553 2572
4066 9425
3129 7685
9396 5319
3332 3780
4379 9940
2338 7496
2102 716
1094 5440
4524 6005
7648 4066
8557 5948
1082 444
207 3069
5205 1613
7937 7441
3710 8488
2239 3875
5593 3708
5547 8549
5008 4182
2629 8936
3643 88
5698 8616
7929 7450
3763 4463
8569 8913
6177 5090
9273 7979
7971 7962
2687 5970
9182 1432
5706 7441
923 7097
8894 7177
898 5008
639 4558
8630 3547
8847 4298
158 9227
5992 8882
5432 974
4357 8952
9597 2526
9710 1518
9442 3132
6680 2283
651 6638
1639 6111
9093 4172
1494 6520
1342 7851
3184 2827
6909 4296
6531 8318
1646 4545
2698 553
9341 7002
1183 7066
8366 591
9178 8753
7489 2783
8180 6754
1732 2945
9257 7323
5701 6744
5697 979
7117 5326
5344 3244
1056 2379
2521 5436
5176 5834
9269 3493
9542 3853
8537 5915
1612 3932
4052 8947
9206 2268
4827 8889
5958 2262
9143 9609
2172 3744
6664 9004
7893 2423
1520 8754
5348 9325
9791 2679
4491 6468
5987 3332
1297 512
2360 2783
1698 2833
8650 786
707 1374
4370 2424
8505 323
4965 397
4895 6449
6760 4787
6433 969
8786 2483
2677 5446
7461 659
5287 3830
4004 4955
1266 7510
9311 5375
9081 9296
7235 5350
3645 8973
4192 5038
399 5166
7560 8534
8865 9003
2911 2457
9058 898
1294 4278
3240 9999
422 2089
696 4506
9023 3067
4082 3339
8223 2908
36 8750
190 3043
5232 9466
8538 9317
964 3363
5853 8313
8694 3178
5260 6321
3060 335
4636 2697
441 8177
1268 4277
7361 681
1909 9894
6131 3043
9826 5211
8235 5220
1880 6221
5725 293
2581 5642
4187 9657
1209 190
6835 1734
6112 808
7470 1136
1696 7382
1884 9243
7667 4526
3482 465
8306 399
1313 6727
4709 1268
1852 4056
9664 7695
3087 2206
6166 4318
1352 2412
1218 2778
7324 9848
5613 6756
6778 2973
1435 404
3325 2150
9987 7132
4785 798
6688 4645
5522 3508
5070 975
2484 3955
902 7391
6845 3963
5163 2231
4824 4873
9414 3977
9331 7832
3327 6241
7122 3460
6546 813
5214 8684
5353 6315
2298 5290
1765 3882
9862 2401
8055 1878
1565 1766
2415 2915
9461 3273
435 8579
2079 5588
998 2697
4407 4778
7907 9908
1704 7811
8704 9335
3028 7047
7498 9397
3466 8169
7137 650
2542 7386
63 1053
9513 4986
6098 2085
6975 2427
1463 5931
6146 7225
5386 83
4630 796
7328 3831
9148 2431
447 2125
2543 4017
1521 6353
9255 5708
6924 6022
8815 4454
3814 7002
9305 4737
6761 8393
7520 9754
6946 4807
1185 329
2136 7865
8247 9723
1796 7292
4134 5362
6057 7459
1877 7472
7895 7269
6252 6794
8238 9555
7992 5844
720 3449
2943 9650
2517 8933
5093 817
887 2942
7049 3893
6308 1030
4288 9152
409 5930
4622 3056
5022 355
8448 5281
5190 3006
2645 1452
1049 9469
7071 5746
5817 5675
290 8662
7087 3401
4286 7987
9371 797
6021 385
551 6030
3023 4997
5777 3241
5164 7520
3726 1740
2249 1998
6197 713
5775 2452
5491 1113
3723 5618
4756 1291
2418 3396
1561 7664
513 9603
9368 8530
5270 7877
6296 8561
5456 7284
464 7235
2476 2153
9238 1521
654 5486
3395 9170
6663 6877
2672 224
9201 8414
5913 1268
2868 2180
5996 9866
4519 6239
6283 405
9212 635
7680 2138
3489 1537
4466 6588
5221 5124
2871 8817
206 1643
2524 3079
7817 8966
1477 7252
5986 8797
2046 4710
2708 6711
539 5496
4092 8108
2237 4692
3659 2655
7586 2868
653 5032
1482 8124
8138 1673
3531 437
8780 5896
1164 8124
7407 927
1090 2073
4204 3685
2091 502
2794 9073
5995 7373
9359 1140
4922 9659
9028 7438
1225 8030
8037 2216
4515 2406
6900 385
9446 1175
1615 5534
4612 4193
8105 3033
6890 8344
4075 6405
3970 4791
645 9695
6262 5266
988 8162
3002 6297
686 5866
6880 6825
6073 3748
1480 9926
6982 3734
8733 4999
4805 9089
3446 4740
1034 9669
3922 7399
8472 7500
3454 2666
7635 7877
9202 7230
2248 7157
3016 9275
5425 6026
2732 1209
5573 2050
5089 2207
2155 5095
49 6010
4097 9546
7413 7719
2233 1505
222 1146
4264 215
5416 9433
7064 9078
9886 7275
3873 5660
3326 2365
7216 8733
9315 4620
5086 9961
5058 3327
3758 5525
9468 7653
6483 2452
6534 5504
821 8672
3953 6955
4542 5021
6300 6132
7334 9267
8399 5417
6409 448
6401 6521
2540 3182
5821 2260
9616 4034
9084 522
1658 2920
846 6581
3593 9840
7263 7170
8218 5839
8058 8430
7564 6973
7358 4844
991 9596
3135 2629
4606 5420
4951 9201
3595 7019
5105 2871
54 6162
6705 2249
5203 7898
1934 8494
515 9493
6886 6889
9424 551
735 9359
5757 9865
5012 3007
9460 2006
7970 9522
7718 8064
848 1090
7466 6034
4377 8282
5877 1137
3296 3726
6033 2488
8803 618
9922 9592
1959 3551
6404 2209
5071 3907
578 1283
9380 796
5957 5946
5546 5013
2315 8684
6813 2249
619 4542
5182 7273
1649 5078
9106 4606
4051 465
7446 1765
2130 6734
9370 6941
4146 8934
1321 669
9402 5759
1804 9678
9410 8917
4065 4756
4465 1946
8972 5213
4029 1229
5724 1563
488 9663
365 9749
500 3324
5249 6156
2264 2471
7065 8344
9421 6583
1950 3415
4915 497
9344 4134
4023 6915
4871 4292
5115 9866
7845 4994
3225 3544
9475 4377
6676 1324
633 7126
5443 3698
7841 8615
6590 7048
4239 9605
684 3348
8467 7224
8556 7468
5365 1493
8422 282
8244 9869
2653 8318
1228 1483
8063 4512
1089 3878
8362 4225
8990 5306
2991 6926
3130 6332
9097 335
5707 7650
3402 6297
5911 6146
6970 5112
8558 4317
9619 2444
89 8138
7326 9158
4147 8107
2490 6385
3297 7422
7775 1265
8106 8508
8959 7557
6013 3942
8596 3370
5051 3166
4251 2646
130 612
7839 5016
5760 3359
4794 7171
6850 7609
4383 631
7615 1324
7833 7408
6541 8029
7016 7483
1742 8239
7053 9044
4470 8400
5887 5729
8359 7671
8562 6062
6879 7016
2113 9256
3011 898
7147 5359
5138 2377
7477 7100
4249 5
6184 8344
5332 2377
675 4451
5031 7055
8893 6909
1476 2716
8446 4248
3062 886
5009 1152
7946 5243
5157 9972
7900 2231
3247 1763
2712 2176
5518 2767
2782 3033
8531 7671
8249 8227
3064 3826
9207 1526
8875 9100
7176 372
9249 5496
8465 6181
1238 7375
4462 6833
4937 3085
9846 6777
2644 9273
2505 3481
2080 2373
3731 2163
7255 9668
1510 1613
5961 5986
9216 9776
2552 4551
9598 513
1424 6588
7488 4344
9953 7654
4398 6778
2439 5632
890 4261
3914 124
606 358
7679 419
8172 9172
2607 1741
125 7321
8506 4410
9179 1493
1258 887
8970 3781
8622 5755
8065 1326
5709 2389
4611 922
4841 7624
3351 7915
2776 4246
3833 8423
7442 9700
6803 3979
3148 2979
9499 8254
8863 7260
7807 7957
6456 1124
5108 1137
8091 3578
5018 5650
7040 1944
983 3741
4273 4973
5231 8056
4102 7755
6417 8099
1214 3831
7372 9647
8563 681
9114 6768
3318 8716
7058 3163
7532 1618
4907 881
4687 1094
8811 4084
685 6056
3089 637
2885 5726
756 2749
9026 8599
5969 4519
9762 8852
1862 2197
5020 6157
8495 3115
7876 1215
9939 9575
9162 7820
1368 3133
1224 422
6335 20
1462 3592
2256 2680
1507 4980
6011 8546
5808 5971
1172 2563
9535 3422
3956 8892
3233 8055
2072 1159
2819 4799
2279 9446
5699 2882
571 1941
4391 2607
7657 1585
8644 5411
1220 9979
7371 6161
5812 9204
8327 8759
3150 5231
2129 6310
6198 278
5758 602
7027 5335
882 386
1070 601
4500 5266
4363 5791
5879 1018
2926 1544
9252 4532
3234 4742
1330 5784
4867 8430
3111 2091
4610 9868
1697 3052
1670 1427
4474 4896
3673 5481
7337 7769
6142 3047
3700 5474
3699 4680
7028 7837
8525 1643
8154 4405
5624 7017
9696 4031
3960 9741
4565 3451
8266 7356
8656 8662
6458 8561
5046 9575
9192 3210
5676 1332
1168 2844
778 5280
933 5884
2030 7426
6009 8645
9239 512
3978 8773
7312 9992
6704 5857
2647 456
575 7393
4346 1774
7360 3758
2195 9855
3181 3437
1864 2733
1942 6204
8041 9834
237 8025
640 3540
8196 6589
3294 6600
5942 5333
9051 9483
7800 2100
1633 9205
204 9527
486 7021
2727 9490
1662 9490
9766 1070
8084 4963
8983 1510
6629 7882
9407 9253
2764 182
1223 3283
994 4423
4716 1808
7010 1429
5926 7893
4825 672
4775 682
4988 554
9759 7635
2634 1741
7351 5386
613 1576
7404 5928
2274 3698
9899 4458
3392 6806
899 1657
9289 1594
2336 1274
7338 3812
328 4620
7406 3583
5793 1303
874 6630
5372 6896
1467 7157
2566 4742
4779 6463
3018 3605
5298 2952
4958 1551
1974 4227
6726 7579
9085 2056
4614 2206
1504 679
5705 7325
9412 1808
6020 5834
4353 4850
4513 2646
590 1324
5483 7205
2734 3178
9705 9413
381 7282
7965 4925
9064 9325
856 8489
838 5141
7115 3359
7688 1340
819 5705
5658 2409
1892 2886
3701 7798
9509 7667
6476 3625
2899 2016
4878 7441
3140 9862
9034 503
4511 899
169 6833
2019 1839
1315 1274
1895 1552
8782 7343
9437 3825
804 1223
2594 4947
9300 6491
4950 6892
4804 8323
2114 7341
4628 5365
6846 3137
7417 6596
2058 4344
559 408
8619 6531
8964 3983
1789 7832
5981 3220
6447 7547
1203 448
1844 4353
1813 542
9221 1808
9398 4170
3194 1482
7141 5270
9159 5204
1409 4135
9524 2675
3890 3832
4010 9859
8652 8564
8352 3074
8552 3751
1533 2384
4747 5750
7631 9088
341 2681
4923 3692
8004 9954
134 9236
1261 6883
3320 3617
9103 8927
4234 9107
8897 1303
6100 8889
8246 2438
2867 4123
9698 6103
312 1507
4577 2340
6186 1513
1057 2304
5833 7562
5323 2905
9155 8412
1599 7053
4862 4980
2350 1719
8040 4153
3165 9267
7961 6231
8677 1735
8956 9618
2171 1450
9151 2538
9183 9527
4616 687
1077 5395
2387 7406
7821 9553
9691 7625
744 3802
2183 3749
424 2808
3380 1049
9847 7350
4202 4527
6012 8774
1559 8285
4978 1306
6228 8307
7890 7387
5731 3924
7381 8199
5300 6760
2953 5186
4145 45
2504 9739
12 4781
1151 8861
780 7771
2322 4434
3012 6047
1940 6995
9872 1891
110 8808
1770 1402
8680 4691
7959 1963
5751 4688
9200 3273
9079 12
8673 7925
3858 2515
877 4909
8215 4295
4427 7095
2691 1136
4744 4762
1179 418
1379 9994
6672 8568
8433 6754
7209 9957
1620 1226
3514 1695
99 2013
9139 6864
118 129
6797 4288
1522 1688
6457 1772
9496 2136
1096 9272
6751 254
7945 252
2026 6317
5635 6360
1000 204
3608 8282
7782 5610
9288 5948
2357 8558
9883 8501
9545 4458
291 7374
7013 5540
6220 4003
3367 877
5238 2379
8071 7270
3880 9479
7638 2769
5882 4434
7777 8519
9406 943
3542 3250
1121 7069
2461 8821
8500 3469
9245 873
281 4958
9563 7815
5366 5814
7974 1201
573 8755
9002 1871
8930 9450
9658 9956
6044 1161
5545 8714
2958 4978
8640 9314
8744 6466
6391 7950
6318 5087
7319 8346
8949 4251
1968 1000
4822 9614
8059 2646
8639 5701
8542 7850
3032 3281
2845 5264
3343 5014
6130 6387
5325 8706
4536 8065
6243 3115
1293 6330
8209 9360
5023 4917
3730 5847
1996 1732
7738 720
9964 7134
992 3583
3770 9168
7843 838
4272 7133
3586 2070
5813 9475
9233 40
2378 6019
8944 6942
7852 3708
5607 5487
1655 8916
1536 1267
93 2641
3232 3612
8213 3435
3410 881
7457 2929
4016 6392
4650 8495
4811 1911
4037 841
268 7108
9388 6917
9561 6629
267 8308
3993 5043
2141 6528
9675 9374
4043 2007
8813 4526
647 320
321 445
1100 3156
1923 2430
7597 9677
8657 4801
5126 8365
7697 6339
5649 5530
1641 1258
1464 1785
9881 8601
8111 6847
2419 5416
4144 7307
6226 1644
8159 6689
6471 4938
9639 7097
5239 6131
6408 2826
2455 3088
4881 1198
131 8991
2170 7646
8189 725
728 1266
9920 2360
7935 4543
4676 3351
7434 6561
1114 2508
8515 7772
3681 9167
2780 9927
6718 7467
5910 306
5780 7551
4321 764
3861 6686
1157 8041
3662 2648
6958 2979
2354 3342
771 1773
4150 8296
1195 6940
2837 6914
8420 6602
5581 5587
8453 5333
4993 8729
897 198
4173 706
7116 4150
2988 6663
3445 8382
5498 9713
514 2732
851 1203
6171 4472
7448 8912
4566 163
9349 5238
213 8231
5566 7580
7309 6109
4069 2936
8667 7382
3190 7220
3299 8556
6831 6021
3492 2624
5199 9677
5340 2775
2281 6319
7061 2866
3931 8495
8274 644
9672 3412
4263 2837
9329 8249
1964 3103
5803 2246
4300 9841
3267 5163
6259 8099
153 6846
5934 7876
4293 881
5603 4923
1353 6568
5585 1731
4869 8070
3743 2207
8429 3318
4418 4650
9111 1016
8008 760
6804 6863
200 451
5867 7513
4539 8572
4035 7277
5101 1103
7840 2125
2328 8154
490 7394
8721 3469
8752 4166
5378 3948
8920 3763
8383 8824
2821 3825
6567 3857
7265 1136
9147 7473
3109 3204
484 541
8696 9894
400 8959
9390 1763
4696 3770
8580 5639
6080 9618
6092 7555
5113 3225
7537 4881
9559 6501
5256 8180
8511 2783
4678 5805
8760 9536
8279 9268
9636 1324
5845 381
8963 9049
8571 8188
4773 5021
5955 6567
8028 2475
4741 7323
8638 9873
7571 1347
3927 6615
7964 5775
891 5805
2878 5498
1835 9973
3275 2399
394 1544
2621 7132
5599 5890
6994 1943
5563 7223
748 2360
7991 1475
3053 6446
5462 6022
6950 3588
396 6112
6196 8162
3649 5804
8203 1968
3344 773
9719 2136
7554 6778
5109 1470
375 1169
8485 1305
2506 8412
7199 1680
3456 4555
5392 6899
1881 4779
6542 4633
7190 5616
4479 1538
6904 5153
3784 1940
1830 7992
9215 8681
5063 2760
1309 4630
1922 5631
7385 2545
9409 4916
6628 2389
8128 2587
648 2551
1337 6724
348 9753
3772 9886
5703 9479
8152 1340
6644 9752
2850 1670
1346 2396
6060 4792
8245 7898
7705 4539
638 9734
4309 7599
9521 7176
5286 2160
357 3699
828 3826
8322 1224
333 2097
6481 7028
1491 6581
8348 6877
4858 6219
2741 8310
2410 8930
6270 7774
2575 1406
4730 6539
3762 7788
2276 3646
4461 171
9562 6842
1026 7016
9722 5382
1200 6384
1800 4842
4576 9203
5144 2231
2084 4173
8329 3520
9767 9908
9068 358
6242 6433
3650 9812
9278 8766
4329 2739
9534 8755
3423 1313
533 2771
4849 3018
2599 7778
6632 9953
6361 9247
2400 6856
1750 3353
3658 9957
5477 5330
3229 4536
5548 3762
6048 6442
1 939
3488 1379
9050 1759
8582 8223
5488 4904
8050 1176
9137 9109
616 2412
9645 4504
7264 7288
3574 7370
1960 9637
6 4021
3806 3619
4334 6295
4312 6740
4369 7725
2722 2385
4490 956
1659 1177
7320 2334
3015 8939
6311 2714
301 4814
5767 4109
402 7564
3385 8073
8048 4785
2032 2401
6139 3268
148 4696
6224 2061
5151 7401
7186 8030
1012 4298
9852 9483
9684 3235
9264 8426
428 703
7250 8809
6603 4282
2000 4792
6479 3779
9775 7997
6529 2296
7485 4567
2593 7869
2804 2487
6943 1731
8743 6613
5307 8348
611 8981
4442 9330
2530 9438
8718 6328
7659 3658
8146 7077
7897 1527
9146 7589
5510 6851
7785 93
9503 5323
3672 4512
565 7277
2529 1135
9680 9023
477 3914
1355 9010
7431 1806
2568 24
3001 4503
6164 4147
775 8005
628 4583
5542 1346
3419 3893
1557 9310
6536 7196
1438 2238
4972 938
2188 2109
9279 8865
9482 601
6089 3298
226 8542
5798 4664
8540 9730
1118 5877
2757 7268
5967 247
18 9162
4981 565
9129 1527
6598 6450
917 7707
709 7945
5379 5676
9228 4409
5611 513
1401 6166
5897 9716
7204 348
1856 7653
7099 5784
4897 4898
2842 6391
9586 6328
4149 7771
6423 7263
6887 5141
4259 144
844 4644
5868 6299
4354 1943
6490 8130
9856 3015
3883 9941
2518 808
5150 8588
7681 7041
326 2026
8302 4526
7294 5021
5997 917
5489 9871
9839 3435
8360 5746
1191 9129
7514 405
9434 9337
8349 2717
9060 3211
2519 7061
2060 7073
1580 3137
8018 1039
9709 2621
607 8718
1278 1146
2225 571
38 7331
2576 6520
6671 5550
8300 344
3820 5603
8719 9522
7645 3303
1299 9487
7870 2875
7104 1465
9280 1568
4607 1330
9551 3225
952 6081
8514 1072
1739 9961
6841 9336
5275 5531
2836 2787
4008 8131
4724 7969
2640 7455
785 8424
5244 6241
8688 4974
3776 4302
84 4458
9538 8601
2674 9569
860 8254
5766 2088
6990 7232
5895 3492
9304 3486
3705 1974
8411 6718
2522 4997
5346 4807
8769 1006
6807 8664
5943 8207
4129 7655
9623 4225
6657 9666
151 3759
8498 2741
866 2849
6824 8813
9328 545
3939 6131
5429 2936
4276 2478
4275 5355
7577 5564
4557 4257
982 7547
6911 501
9334 3466
1277 3478
2790 2831
1134 1589
6193 1076
5730 6470
2027 262
2029 2849
410 4087
9292 4208
4216 9438
4301 2186
8256 3857
6165 7225
8046 2866
7452 2671
1345 6867
5619 2679
8566 320
5505 5473
5406 3779
5578 3825
5880 3820
5146 611
2928 6173
4726 1856
7916 1137
4652 4623
3736 6771
5466 8573
8997 5618
5509 5020
2994 9215
1897 3464
2135 8870
6133 828
8846 2542
3877 9437
3167 993
7990 122
2997 9298
6194 5827
630 8572
4297 8757
5671 5354
8168 8807
8305 3773
489 4081
8112 4246
2009 9831
919 794
9909 5398
6571 828
1714 9046
4402 8323
1276 3011
2448 6584
6329 7569
1625 3298
1367 3923
827 6384
3836 1297
11 3689
8642 4120
4024 2672
1192 6871
8940 8252
5811 9776
2278 1435
6532 3538
8326 5646
1272 7039
5470 8409
6427 2785
5107 5226
2689 7754
4534 2800
4313 4851
6065 9461
7443 1829
6185 8383
9532 5150
4165 6006
8443 6398
6333 1310
25 9139
4581 9980
7182 9546
191 7293
3589 7847
8487 3006
8391 3868
7842 2375
8929 3415
9271 5782
2361 6152
4964 2200
2865 4436
4435 1306
5414 4951
2353 2147
317 3412
5291 7371
8083 5411
1257 8308
9965 3158
7902 2332
953 8467
6956 7319
570 2754
2753 6904
2196 9420
7316 3004
5822 9384
6275 612
7436 2055
736 3169
3707 8041
7505 5510
5737 1697
9439 3247
5523 1124
219 1796
6779 2832
1032 6404
5693 7214
6593 559
8343 7277
7152 8257
694 7432
1262 3775
3183 4618
7011 9624
4449 3101
8838 453
1890 519
9729 1741
7163 6711
78 2585
4033 9847
2306 6180
4250 8262
6258 4986
8462 5256
2458 703
1396 1039
3080 3899
5718 8351
5341 3121
8377 9951
730 2350
3559 5544
1389 427
3630 1035
5763 674
4987 4916
5448 2747
4359 1219
5723 9671
9270 1664
5754 8655
8954 9292
646 9015
8584 6280
3638 1975
7587 2716
7661 2317
5045 7915
777 4991
7300 3267
156 6294
7968 8813
2411 6093
8629 6790
5949 8441
695 9230
3876 3669
6351 6055
5279 4441
1782 5058
2635 7459
8478 4194
96 1367
7581 3658
2167 1990
458 2556
738 8934
8724 8963
7749 2974
2284 2573
7690 2875
6559 6683
3090 8168
4977 9140
2531 9315
9774 7570
5391 1789
2761 5145
3202 2703
65 8766
5198 676
7704 3054
528 5680
3336 9705
430 4309
1745 6536
8928 8189
6301 8708
3661 6864
8230 4905
6145 6092
6511 8381
8671 2854
3465 6787
4771 6956
7813 7598
2345 111
8102 1676
5336 4536
7558 5370
1571 7115
5376 4002
3811 5399
4315 1233
1325 4397
2422 5824
3553 2884
1102 9906
5893 9357
81 4740
8460 3038
4112 1920
371 2513
2879 7900
50 3614
4672 7319
8739 6396
3567 3768
1213 4436
4055 7400
1327 5096
471 8706
8888 4636
7210 1310
5721 7513
3563 7571
5524 1168
2896 1500
8233 2046
192 7110
7153 6147
5637 8073
3990 8817
538 4678
3587 268
6763 3574
9035 9875
1700 3202
393 6127
3982 6019
1901 6936
5183 1507
3652 3299
6172 2113
8776 5412
9646 8584
6125 9646
3261 8390
3198 7296
8174 2733
6759 2173
5127 5493
6292 6584
1376 413
6306 6926
3610 7748
6983 4136
9708 7621
532 7735
5641 6578
8722 5452
7023 5126
2864 3652
7189 6264
6187 4163
255 3146
6298 9158
5553 9127
9000 1588
8741 7403
6817 396
2661 409
4501 7083
6222 7130
2470 3343
4445 5089
6303 7466
3302 8294
3532 2695
2267 6589
9993 3583
6748 593
1794 8344
2442 3324
9778 5120
7124 9969
140 4021
3919 3661
352 8181
2759 3427
3271 7263
1128 8982
8047 8877
6788 2446
3865 5079
4215 3700
6064 1218
4969 4011
15 6632
7932 666
7347 9609
3756 8182
1165 9021
4393 2444
9731 2787
165 8647
8524 921
1344 7929
6114 6947
8636 5270
5952 5886
9307 3642
8961 3887
6508 1714
9261 2396
9082 2264
6302 9542
6633 7531
7315 6578
8836 8526
4143 8916
4180 2838
5011 8889
235 4657
6148 1482
2042 5881
2485 8719
64 3268
2096 5056
4415 6700
4038 2187
5349 8460
6715 7977
8137 1820
9235 2871
6305 5487
5855 8305
1642 9804
9091 5103
9701 4416
7515 4978
9738 465
8906 2297
698 8498
524 1269
8968 5373
297 2996
4375 2436
8909 2892
5173 9929
7038 2187
218 6231
6925 3708
4615 8638
9630 3261
8651 2412
9813 7045
2919 9759
6190 7630
6027 6232
8886 3026
7614 3902
6634 8363
700 2153
2917 8078
1977 7439
9724 1820
128 1270
5636 4327
1843 4896
5764 943
3315 2611
5047 944
4776 3046
9507 6093
9934 1424
1956 2977
9061 8713
5863 974
7737 4716
2797 6047
5842 4322
6493 7154
6428 1916
9375 9112
6272 6339
7428 9326
8925 9326
7919 8370
4200 3838
5408 9142
3010 1745
188 50
5621 9457
1869 3091
6834 2197
4788 3054
2074 6599
5592 9911
4171 3481
6698 948
3972 3249
9417 7021
7951 7375
9758 9925
7649 6365
8066 8875
9996 2648
2598 3807
1945 2197
4836 1157
8962 9577
6320 9272
986 1536
8127 7282
2903 3979
1415 3482
6569 5917
7322 6142
2939 3249
3585 6342
1502 9857
7143 8750
7469 9701
5590 3654
5929 5103
4893 6391
5125 8246
6087 3924
2426 2442
8321 1589
4661 8395
8736 685
6550 6663
3019 1911
7717 9272
3524 9664
4665 7725
4588 6058
2555 6414
6426 7921
9626 1569
6808 2287
1842 1354
5152 1595
1665 5873
7844 5190
6293 6693
7155 8180
7453 6275
7730 8827
7079 8097
3557 1351
3687 6044
7447 8961
9601 8130
9914 2640
4575 8909
5797 7272
91 2
3613 5174
8194 2721
5081 6924
4493 3323
6460 1118
7242 6883
791 3198
1684 4476
1574 6955
1292 2992
9136 2439
5167 7661
1141 4236
2941 7114
4351 6308
8663 9597
2512 371
5713 5337
9533 194
5036 1508
7872 6320
7193 1164
2578 8920
8013 2210
5722 3005
1525 2067
330 2716
959 6358
1528 9769
7825 7466
8291 9094
4294 1266
6791 3531
8738 2233
8341 3276
3921 5623
9800 8897
8468 1191
9455 5045
5742 8075
4456 1938
4833 5394
8701 2097
4906 1155
2453 8935
7301 5344
4196 8112
476 6412
734 8916
5026 9112
1042 6556
7918 6564
7860 9107
4961 4129
3369 4583
6040 575
2312 8526
7604 6074
6233 1275
1887 4503
6182 848
7236 2181
4749 4533
9814 3359
1606 3780
6878 4545
3461 169
245 4794
3256 4273
9362 3952
8835 9670
2349 6838
5277 8526
6540 9620
7676 6721
3222 2238
6907 6401
1648 5455
950 6960
2492 4544
5745 2155
1905 1695
5147 6702
3714 6890
9419 8497
6247 4752
2799 9922
1386 7945
473 7581
6439 7079
6510 7669
7601 8214
1173 2116
1190 3257
7497 4296
6088 7307
2314 8116
136 7329
9400 394
9356 1541
954 3607
8689 9233
1799 8546
8435 2322
5762 834
6316 2518
58 2638
617 7021
7640 2787
77 7913
6802 1886
5944 8888
6028 9822
1023 1769
5255 7002
9742 2594
7713 4759
9161 3747
1064 6437
9600 773
3020 5239
6776 1309
3603 819
5439 8154
8576 3022
1814 5021
69 8968
2068 6010
1570 8320
2843 954
5129 7963
4839 9680
117 1698
9013 592
6513 60
8353 4042
8641 432
6347 713
2479 3708
1383 724
589 6702
7871 1940
8098 1856
6661 5866
1906 5062
4966 127
3577 7531
5700 6524
3413 1140
1577 2698
3764 5085
5557 5950
7899 6664
3099 9865
5677 2007
9110 9000
5549 2009
7486 2597
8292 8841
8330 7224
1736 7748
6406 3517
6286 8172
2342 3181
1369 5636
4739 3111
6168 1334
3906 5452
1867 466
2909 8871
9824 2273
7866 6525
360 7085
13 221
7456 5010
9685 3661
7162 7908
6641 9528
7327 5359
862 6032
1757 5192
4675 5499
2652 5621
1246 4884
5901 1214
9654 2886
1987 3540
3076 8630
3522 4370
8469 5222
4600 5814
3805 2812
4765 5519
4115 4136
1442 8622
2295 2900
2894 3829
6674 6072
6645 8537
3082 5041
8632 2919
2961 7832
4253 645
4032 7384
4343 1290
2198 2350
6418 410
7693 4841
8033 7234
7770 9132
1587 6328
8012 8668
2371 2460
1341 365
5908 2863
8197 2922
6159 9359
9861 1026
4535 9778
2964 6011
7082 2831
6865 1238
2108 3954
7247 1185
1001 1328
4279 8861
6003 8554
3818 3966
4868 7448
7585 5050
7855 1649
1007 7822
4098 3526
3937 9559
7169 1557
5055 8061
5252 6772
7933 4928
3571 3174
2309 2103
87 8453
3358 1301
2347 2412
8605 1331
79 7002
6565 2997
750 347
8830 6947
9945 9215
5485 4833
7943 5179
1818 7807
2145 128
3394 1994
340 2365
4316 3861
1558 2478
6024 7515
1071 5107
4287 7668
4912 6941
2305 9920
264 2687
6635 5596
6338 7630
9981 6908
1591 2654
9983 7246
5317 9281
6400 2912
9574 4489
2839 2399
3720 36
1348 5868
1109 4951
7914 8867
3510 8944
349 3826
5538 7889
3851 7769
4514 735
7036 8239
8444 1039
8855 7940
9105 1395
5342 2634
861 957
8528 3705
183 1426
5905 5494
4389 6501
2910 7679
9514 5742
1441 6384
8347 210
5134 9003
1378 4730
9660 7229
2083 1719
4531 9287
1879 9349
5615 8500
783 7308
9665 1268
7880 5675
343 3782
977 9996
3337 8107
5686 7621
2251 8321
729 1351
3334 8561
8183 4908
2417 6700
5922 6290
5042 4746
29 10
3313 6368
7125 7756
8910 9136
5960 8668
1485 4291
9907 5370
3987 323
2087 9110
1753 5511
7917 1294
9526 3327
1679 870
9138 1761
3598 7189
655 7842
3569 4190
3138 1068
8297 1006
2746 8324
4830 7036
4946 9312
6605 7800
9007 9863
8093 9496
671 2409
5739 4321
5207 4535
4649 2970
6656 5035
4226 7371
1066 695
279 97
7480 3805
6573 1136
920 1426
9092 9091
7501 4293
1702 3400
9119 2937
6140 6339
7742 5973
6827 6065
4116 3723
6235 9833
339 4321
8609 4727
9339 188
5324 950
1889 8757
5302 6073
2498 9362
8122 6308
3534 6613
9641 7412
6626 6807
9921 9513
5001 5252
3901 6966
7559 1430
491 753
5634 6313
3536 589
7568 5936
9918 2170
4201 4633
2104 3743
9938 890
4378 7515
3694 695
2881 8139
7828 2424
4028 2212
4380 4274
5110 5969
2503 283
48 9132
462 4166
3572 7031
5840 530
5061 2488
511 2204
726 8510
4382 2645
5320 7931
2609 466
3409 5803
7251 7562
1459 8362
5200 1633
425 1892
3958 6556
2465 811
7548 5814
2510 1932
5396 8438
2571 6863
6267 9548
9655 4450
5665 661
4303 3242
8473 2304
3483 1244
6277 756
7463 6184
7415 8732
8237 118
6906 3501
8943 1676
1139 2055
274 4228
4467 254
7996 2146
588 8285
4682 6202
5555 867
8067 4657
6415 5612
5361 9502
6503 7617
1898 2484
7228 9471
6978 2478
8149 8425
3219 4180
7660 8572
5883 5767
8259 7397
7213 5799
599 1466
449 4927
6547 4593
9432 2470
3340 3526
415 2080
9924 8431
3027 3484
2705 3613
8883 1111
1810 3341
6209 1295
6653 4229
3860 2672
9435 1808
3161 2148
8287 1920
5800 7540
2704 3129
2834 3692
8890 7461
8335 4446
5476 2377
9353 5705
4452 1256
1181 1807
7392 1278
4699 9467
4100 6159
2606 7292
145 8735
6031 3992
53 40
7165 3177
2218 9316
6939 394
9591 2150
2272 9990
3925 9055
6015 4015
9478 2112
7046 7373
4914 3647
2199 7416
4 877
5874 6028
6691 7077
4205 713
5532 476
8490 7895
3408 7669
7419 7379
7643 9443
4210 1395
142 3062
147 3977
5278 5447
2774 489
9150 3610
656 1020
7582 8770
4133 6431
3420 2083
1786 4883
5679 8772
8631 7982
7578 6761
3917 2787
8932 1241
2398 8268
6211 4106
1999 4973
7339 1406
9595 5777
5123 1432
9835 5929
2872 7707
9376 4273
5819 4517
5492 4357
5818 9130
6819 7133
8513 7169
2544 8460
2670 6942
5502 7077
5175 8680
665 7767
6126 4512
3961 8785
2567 1351
7233 240
1671 4371
4464 8881
1914 1546
6484 4515
6566 540
3480 7562
7808 2648
6849 4136
22 6292
7202 375
7622 1997
1358 764
2443 241
6343 9306
2001 184
4184 1071
3459 6896
5454 1632
2584 595
7942 2634
3304 4779
8280 5611
8401 6422
8690 8824
446 6708
1677 2394
2253 8655
8077 2215
7377 9849
9001 4344
4429 9774
6572 6901
2043 7264
5602 1295
3786 6424
9494 5736
2999 2091
1602 8851
7588 4831
2241 4907
3554 1721
3616 6582
625 4493
2240 1466
8661 489
8746 3225
4390 8694
9156 9570
6169 8430
4412 6936
4162 6995
1874 9312
8978 5632
9904 6501
2222 1582
1965 4084
2858 9924
9476 1172
3944 5509
549 2733
7168 862
3916 1908
3024 9730
1542 3439
8389 4973
7857 7113
960 1875
9743 4678
8023 4412
3541 165
1088 1565
900 8266
3609 5987
5363 1291
8312 9097
5786 7235
5339 3416
3467 8876
1709 1953
1935 261
9991 4715
4347 3184
9797 1339
8166 263
8765 2703
2636 7071
7789 4394
8492 9503
307 8976
9423 7477
9897 9110
8315 5686
5994 7785
7751 1853
9224 7974
7523 4310
849 385
5962 394
4713 178
558 1619
3003 5780
2588 7722
1717 6410
3497 5097
8068 8188
4941 2455
6091 2344
9115 1165
7420 2594
2285 6677
4212 2309
8751 458
4336 7779
2663 4022
70 4202
3443 1062
7494 3340
1509 8771
1713 8294
4559 2240
8675 9846
7262 1980
3203 3178
3124 9906
8358 6712
2117 7319
9640 9055
5356 5245
8471 7163
9786 6194
6976 692
7259 5322
8583 6763
7274 4116
3867 15
7854 8136
7984 9140
8 5679
2883 626
6278 7965
6473 3251
3152 1065
4704 3789
5400 7078
80 3270
5993 5559
8272 8983
2367 2890
7460 8510
2051 9270
7167 1088
2064 5076
5225 3586
5314 6278
6538 6446
5951 9263
6118 2832
4199 1500
1611 7371
7217 9662
1453 285
3620 6262
8953 1124
7462 9013
8560 6027
4252 9018
1593 5943
4538 7990
3330 9029
928 7132
3575 3909
4982 8232
8862 7631
5820 570
5674 8678
8376 2644
4421 3666
6014 650
510 9985
852 5156
7258 1012
7576 5029
46 5614
3399 6906
5133 1311
7711 3359
8295 2336
8016 3903
5568 2439
7318 4618
8228 9041
4572 9824
4332 4170
5122 1136
6696 3809
498 7178
6597 9563
4702 9394
6244 7605
9937 5698
4142 1600
5251 838
6652 5595
5490 4709
9923 4098
6860 6443
8763 4489
8082 8765
4053 537
8212 5441
8020 9475
8010 4787
3579 9478
6208 2885
2159 6895
3462 8320
1394 7470
580 701
9818 5996
8848 3390
6809 7343
2052 752
7574 5720
8586 8636
699 6935
209 7418
7440 8642
2407 8312
4860 6117
9234 9242
7281 3386
5171 6663
3869 5057
9850 9925
1264 380
4388 5067
7912 2900
5148 2456
9297 7371
1900 7827
2429 4717
3881 8947
8211 6513
2560 5801
3664 5001
7729 18
6933 4536
8445 5853
7506 9916
5831 5307
740 9716
9793 4739
6390 8603
2245 8299
467 4588
186 7871
6694 9652
149 419
1138 1926
487 1536
7978 1077
6448 6036
4766 1942
8456 5173
2931 6776
1403 5113
7544 2220
4408 5882
5121 8089
6862 6032
9896 1206
3102 413
7161 6600
9541 4572
6094 7798
6107 5009
159 8456
864 5621
2825 9526
2546 7197
689 9413
1836 1913
5104 2003
6716 1568
2752 8262
8255 8591
7715 9997
8319 368
9681 2479
9887 3914
9378 8251
3407 6744
4723 2429
5591 7182
5572 6980
810 39
915 5354
8275 1468
4584 6480
7980 2497
985 7
2547 2789
7619 3382
9277 3367
1545 6515
5059 5951
850 7489
9327 6026
181 1641
3746 9695
6069 2590
1755 8719
155 771
2718 3404
4789 3605
693 8010
3474 6532
4057 6695
5980 8700
8628 291
3321 5425
7388 1474
8372 2673
4714 341
4767 105
8764 9887
4959 3046
3093 4668
3533 5372
3036 8700
9036 9380
7623 5892
7923 8650
7304 4527
8698 7722
6083 5558
8666 1891
8118 9953
6611 7341
8202 7902
8386 8586
4469 6768
3888 2222
2788 5901
2559 4354
9571 1946
4168 5860
2570 3488
92 4194
4826 9806
8866 7866
8027 507
9452 3425
5313 6224
9351 3897
1816 4996
1531 7674
5196 1151
2122 4215
4080 3437
4088 174
1017 5448
6489 8723
9747 2198
8843 3647
3935 3715
3149 6448
8110 321
816 2927
6949 6182
4591 2946
5295 339
2235 9143
9547 978
3272 5601
5453 306
6001 2661
3766 5165
4763 3142
7720 841
2803 3716
9836 5852
2247 4764
9827 2654
4457 8070
6610 2555
9309 7515
1437 8891
9816 88
1957 1735
3709 6396
5657 7314
3934 3587
2041 7657
3045 2835
3284 6467
7710 3092
8901 2308
6868 2494
9537 7232
3073 6034
3648 6564
9790 4932
1847 4799
9736 540
6707 4035
8474 4229
7906 6572
3421 7741
5209 5332
9095 8340
6261 2919
7303 5574
1154 7174
3214 4307
3957 5488
4673 8645
8288 7224
4948 9160
6948 9244
5503 4491
2564 4635
4242 1341
7699 1198
3799 445
9557 2932
3530 4976
5191 525
1654 6202
8167 3717
5094 9051
1581 7654
7603 6074
1149 5038
6609 3052
1744 3167
1795 455
3470 1582
8594 4843
2339 4102
6963 6696
7076 8744
5933 5642
1930 7097
2700 8414
4592 9156
5535 9980
7142 9326
1227 4181
3274 7579
8265 7912
7567 800
42 3968
2901 1835
2257 2333
1927 1207
6832 3203
7185 246
4019 6884
9893 6999
6369 7892
2859 6464
4352 273
5187 3390
876 4905
4067 3186
229 1266
5426 7213
936 3696
9838 1128
3117 9013
9768 4304
7993 9440
3397 2586
6888 8370
1418 6010
2667 2509
7043 2453
2175 5016
4320 7451
270 8928
9628 9309
7511 7568
7018 4618
5053 5443
411 1195
6237 4897
4712 5326
5998 9630
6670 1167
4285 5434
2381 7676
6085 6728
1952 3776
913 417
3512 3764
624 9597
1534 3389
1029 1154
3884 3709
4499 471
3507 4359
4864 6453
5329 5539
3391 7929
7694 2373
4048 9886
3546 2281
9232 1534
2277 4222
6122 5421
5247 2170
3388 2926
4325 3194
966 2195
3215 6310
8993 309
6154 8714
1912 5013
6730 8946
8416 2885
3398 1587
531 7304
3051 2813
66 7423
474 178
6167 9243
787 5404
8602 9319
7692 3051
1408 9400
9262 6745
300 1484
3874 9862
493 4443
232 3501
7746 2148
5028 8356
6753 6944
8060 7475
3752 9126
8482 5895
7891 3016
3195 518
3157 3141
2925 9913
6240 2928
5235 1799
3212 4366
2877 6093
4083 5325
2773 8638
3338 5008
67 7584
5149 159
5351 8044
3740 6915
8140 7885
5885 8308
4073 6758
331 6296
4834 7252
9240 2626
4707 9299
2395 7227
9802 4778
717 8510
9604 887
4178 8050
9229 5875
7787 7130
2818 540
5714 1527
3199 4261
6195 8472
5907 4259
8080 6216
973 9923
8873 3148
4625 6652
6086 5696
7172 3426
5301 8728
3262 6712
3951 5049
1436 6975
2179 5489
452 3688
8051 3847
2600 385
1924 6276
6389 2267
5979 5803
1335 8532
4537 9939
4736 3741
2078 770
6469 8430
8517 3284
1041 4482
1693 1141
7081 3937
9340 8755
311 1924
9878 5972
2014 1389
9837 9538
126 1858
2449 1068
2242 935
4705 5625
6462 5679
7088 6662
6120 6083
4784 6197
6249 1492
5352 3852
7639 7328
1260 6993
7747 5144
885 942
5747 3324
7120 2675
9491 6018
3844 9384
9 9980
2366 6118
3360 8254
3328 9806
6604 4166
7156 2555
150 9335
8625 3167
8853 6197
1821 8622
8810 7937
2527 9135
1188 2080
205 7882
3552 5151
5289 8734
4582 5078
3411 7928
7896 3704
3721 6757
8379 7936
6591 9724
6703 453
5965 841
3218 1494
5695 7486
6795 7997
2934 2505
3029 8016
6729 5510
2259 771
9266 8352
4220 2003
5139 3373
9449 4454
3962 3126
7733 4504
6153 8591
2337 9359
1087 2667
6363 1766
8204 2566
8707 1088
4431 2120
269 1890
3549 2150
9947 1063
7180 7213
185 3052
2049 5739
1027 7341
1562 9967
5479 5617
1015 4961
7207 5286
7765 1082
6666 5961
1597 8755
9180 7161
9558 6264
3905 4868
6766 7909
7927 5252
1516 3868
5025 6907
8918 1469
9587 7997
1899 5239
3048 3919
3943 4665
244 6148
8261 7805
7474 8804
4523 9141
5000 7612
3800 606
3188 3248
3680 8266
472 3107
6207 3882
8301 9132
8387 7125
9579 8604
1212 3195
346 421
9131 982
3263 8785
1918 2122
7175 6820
2005 2273
5437 3130
1910 2172
9653 5648
2162 5607
5240 8645
6636 884
9891 6190
2190 8608
9338 7325
1171 6544
1690 2679
4484 7338
5685 9527
3706 1612
1650 640
7758 4097
6200 6006
9931 5995
7796 2140
652 2364
256 9711
7864 8816
6054 6718
9293 2431
1866 7817
7529 1847
7414 5920
325 2998
5984 390
2037 2227
7878 8212
6642 5101
6324 4067
6354 7666
3441 1198
8581 7758
4122 4897
4510 8201
3821 3457
3855 659
4440 867
3245 5420
8905 4687
9474 7627
6170 1148
7642 1808
6063 8940
930 1261
6504 9474
9217 9654
3477 5617
5040 1030
1768 7742
731 4637
596 9748
8613 1278
7941 499
167 2519
7709 8862
7390 2483
5662 2341
8290 8358
5083 8412
6512 508
836 4702
4072 6448
7594 5223
4554 3459
4846 1112
5261 3905
1725 1953
4437 3676
2801 7957
641 262
2383 4173
2416 7800
7029 9216
1014 9190
789 8183
21 4469
3702 9828
1936 7988
965 2340
1323 1631
6359 5875
376 158
9905 7016
2726 6958
1682 5031
807 7346
1384 6995
4585 7422
9718 4870
6307 5922
9321 9106
4350 2021
5792 1929
6362 9430
9787 9161
280 8020
1708 2224
7986 6626
7848 8083
1692 4213
2161 7906
2809 4801
2450 358
3201 2476
8884 1701
5403 5822
3487 8237
8314 6404
3269 9724
2637 2550
4621 4057
4406 8728
6255 7139
9436 3074
7003 2139
6660 5737
2094 7534
2874 4616
7306 2048
8699 2442
4518 5906
398 9407
4770 4170
8837 6737
4590 3390
4349 9833
7981 1847
8819 4118
6563 7064
9811 9899
9096 8303
2326 6714
8951 8766
9643 965
2627 5708
9726 1015
3260 4672
3378 4406
6128 7758
9124 2622
6327 6057
4706 1273
5854 8402
7063 5852
8593 5931
3866 1428
8147 3553
2363 5101
7901 2987
56 3181
8267 2700
5367 2721
4333 1782
7716 4677
4944 1164
1667 7627
781 6559
8587 7437
7792 3356
9389 2186
7802 3775
1854 1509
9756 2655
997 4389
1888 2248
4546 9335
4598 7580
1162 5496
8903 2574
3528 1443
4601 9339
4095 7023
4910 5917
345 4412
1285 6615
4428 5139
9062 9538
1517 1527
6723 3839
4578 3107
2467 4973
8463 4635
3350 143
6029 9303
2115 4955
6537 694
1849 7771
106 9515
6553 3995
5401 1524
1802 1983
7012 132
1840 4019
2793 6051
2459 3813
1449 2762
1245 6041
3063 6023
2319 3794
8408 2305
757 217
3050 7242
6273 2237
8521 5016
4232 2504
5653 7223
2756 4197
6336 1772
258 3607
2990 1536
8339 584
1573 4924
509 5006
8885 4818
3072 8179
3196 533
3307 8169
8578 6871
8176 2101
9043 9268
5825 8770
168 618
3170 1507
3070 6729
8691 2456
3189 1012
2904 4622
3561 9362
1645 6760
4013 3504
1767 171
9682 2785
6733 3367
5794 9264
8627 7175
5898 7220
9456 2494
7425 1733
8703 7425
2413 3105
1885 2446
1084 7623
2469 9835
101 2029
5643 8266
3945 5426
6160 3918
8547 1525
2499 4185
7279 9150
5060 9558
6192 8606
4874 6130
2807 1256
3000 3942
8476 1931
2131 6424
3626 4610
3136 5025
4101 5107
4243 6995
8683 2418
8477 7743
9564 1838
4077 8547
6882 6986
3008 9093
3288 8615
5381 6880
2583 7963
8484 1699
6616 5799
9145 8831
5513 7534
1780 7046
9732 6689
4425 8974
5172 969
1622 8491
4564 7615
3515 4016
337 7682
287 9517
7184 9686
3684 7202
6998 5296
9763 8255
1144 3218
2184 3026
1487 4280
5974 1940
8479 2543
7075 6548
5380 7115
1013 631
4589 3688
1601 6546
2263 4281
8795 7650
9369 5549
7000 6978
8145 7093
4648 2599
6828 6023
1002 8270
7059 4377
2393 1214
6291 3099
401 575
5562 703
1590 712
766 2344
5682 475
2211 3284
1523 7413
5423 7416
3278 8851
5630 5020
1651 9198
1411 7980
9935 7633
2069 4831
1666 1518
4516 2615
3310 6285
1407 69
1872 8066
5154 2483
8220 5637
865 7230
4508 269
7960 9024
3335 7736
4659 9822
7930 226
7922 3913
4012 9439
4643 8785
4719 2288
3668 8461
2993 7927
6874 877
835 696
6769 2514
6248 1064
3737 6001
8101 6936
3783 7381
4475 5042
7550 2504
5828 2960
8345 2875
7527 7620
480 94
7068 5614
8466 1956
940 2159
7678 3755
2706 3467
9622 6071
2913 5867
3835 8180
5864 1093
6855 8073
8421 8279
805 6728
8948 2547
9820 7812
2229 9202
4940 691
1636 673
4777 3313
7144 488
1706 5831
2193 7093
1372 3514
4563 4201
6017 1431
5116 7003
3719 6549
265 3469
6897 8912
529 4704
7665 9444
1592 5446
8034 9595
1970 2275
7005 2695
8740 656
1363 7244
6535 2385
7761 9126
6783 6504
2685 866
6815 4701
6067 5867
1954 3296
4365 4722
8499 8695
434 4843
9549 2189
2028 783
4460 7733
4929 7661
138 70
1812 4969
1596 9225
9676 2207
367 3310
8115 6929
8923 5762
4540 6606
8428 5683
5037 9067
2822 1359
2045 1868
3300 6511
9853 8900
7349 5242
4039 2795
7454 3578
3837 5610
999 988
746 2867
1626 3613
751 8178
9039 8397
8076 9357
2437 5030
926 6372
5689 4287
5809 1106
815 1919
2525 6234
958 3365
3841 69
1694 8140
8856 6228
6592 9356
9209 4313
2724 8296
5963 8630
1681 1739
7091 7149
8219 7186
7060 2167
8709 1578
6419 2576
4305 7636
9531 9134
1333 2461
227 2502
4455 8189
9063 5995
2604 4269
2940 4722
1490 1578
9027 3176
8895 7844
831 4800
4483 6089
1069 458
9882 6617
8208 6358
8289 2788
9030 5308
2984 5032
6585 2124
9324 6815
3926 9388
2676 6521
7150 9986
6927 2904
9948 29
7528 8606
8799 7228
6000 2676
9122 1681
1776 6196
7873 5522
342 223
9944 5973
9408 3668
1512 4275
7924 686
3850 8332
9282 1927
5162 8282
8857 7148
6105 9340
1117 425
5663 2915
6651 8685
9470 9783
8727 4263
2015 4261
8364 9724
3797 118
1715 315
5102 9340
1669 5567
4328 2095
1832 9594
4863 4926
9497 368
2758 6288
9765 9138
4571 7247
3226 5296
6625 9926
7430 3665
1850 5188
2214 1139
4420 4085
1583 3829
8407 57
4376 7978
8595 2352
7429 2031
6007 5707
7894 9417
1851 5894
3134 2715
7884 5470
8725 2288
7539 4554
9484 416
3424 63
2829 7518
5678 5974
7939 9310
5017 8643
6137 6674
7753 4850
9333 25
6183 164
6526 6883
9898 2366
7926 3169
8654 2189
4161 7032
8994 9620
8653 5013
9372 7839
2144 8770
7504 7537
4071 9906
2533 2728
5832 2175
3795 862
1790 6633
4050 1814
9431 8204
3131 3115
8236 9412
5988 4069
4384 8620
6257 7031
9707 1721
9782 3661
2709 8935
6383 1337
9578 300
7051 4007
4159 2305
8193 8329
7212 3935
5230 2387
9773 9230
2692 5702
6394 4689
4748 7321
6373 8101
1519 3873
3352 4541
1104 665
4006 5897
2142 8101
5976 4045
7561 3284
7389 4846
6113 6774
5274 4355
1067 5027
3965 7151
4485 7739
9915 4359
5554 8179
649 6527
1364 5840
5597 5407
9040 4094
7888 4757
2951 9160
5497 7757
9489 3340
7164 2240
4933 762
9807 3464
9508 2363
5508 2958
5269 4635
7179 1743
837 6764
6245 7810
621 2706
9501 8168
1230 6915
4580 9893
3187 9918
6979 8933
9399 9247
7689 7004
4803 5118
3044 624
1399 2147
4603 1561
8610 9148
2898 1512
3671 4788
4496 873
1841 9602
8243 86
6562 7720
3366 9222
74 876
3997 4655
5369 5519
6717 1158
6647 6622
5935 417
566 339
9777 7383
9313 3902
1857 3492
9428 6859
4373 7130
4448 6329
1627 7187
1962 8099
6918 1014
1356 885
1454 1224
2002 1546
9928 1013
7538 9631
4417 5175
8960 7247
4945 6603
9989 198
9543 2633
2271 7961
6649 1038
172 6642
6097 2539
2177 6501
1091 4300
8021 9266
4062 6614
7867 208
4983 9633
1243 5097
8458 8456
9573 2419
1989 7897
249 1077
6840 3891
9798 6583
5177 8140
2750 3415
9195 3287
582 1198
3505 3095
7008 2028
1663 8379
5956 1696
802 2137
2823 9419
8447 4227
7074 784
7793 7889
9020 8971
2255 2918
7072 7110
3414 149
9518 8930
5005 5302
4041 3586
9164 1032
6782 8341
3438 739
6579 8871
3622 9963
6930 1823
1302 2951
1903 3549
3155 6117
4432 5338
6551 3814
1211 7129
2740 6700
774 5324
6891 4456
1501 2529
908 1666
9087 7189
6781 2551
2291 188
5445 918
3009 9937
3644 7275
8758 7041
6836 939
1720 7350
1638 5094
1457 8641
2434 3269
4498 8238
2258 8412
4939 1483
9025 5627
3611 8963
8850 8219
9418 545
2720 928
1515 4462
2619 8318
9057 9475
6789 5411
1444 1545
7140 1035
1976 9574
1349 3813
9098 6131
2596 2141
1312 9397
3436 7223
1883 5007
7973 5307
4105 4034
3678 6363
8079 8157
4107 6016
4985 9861
2649 9372
6682 4917
4820 5652
3787 7375
4889 9931
1132 3883
6987 1617
6102 4686
9770 9818
9086 1134
9008 3121
3870 6671
9071 6606
1145 3939
683 4959
4127 740
1560 1127
9933 201
9870 3698
5461 2783
3660 5480
8775 1006
2376 821
3872 8750
8368 5377
1202 6561
792 697
3815 6642
9808 5483
2168 1666
5389 5558
2265 7379
6555 2260
4058 1879
9012 7765
6893 753
6038 6347
9108 9376
1033 2197
4401 640
8009 4665
2880 3785
4732 804
4918 1944
7791 206
7727 9753
4861 6469
1726 7101
3084 9092
1166 5603
4521 5758
6416 7255
3938 6372
5402 9281
1478 2379
3458 3119
8221 4055
9019 110
2765 7390
6352 3341
8109 1474
4245 1570
5303 1790
6576 4538
2121 4451
3769 9217
2420 3186
8693 2729
6811 5760
7342 8138
2174 8566
664 4037
4821 4784
1434 7079
9712 6854
6378 6466
8543 3220
8768 5825
560 1738
1286 8641
9728 8816
9032 6905
6438 1859
302 4684
1473 3335
4885 2900
9703 5288
4447 903
4627 447
8802 6973
4167 230
5345 1032
4064 6657
2266 8379
8283 9474
658 2268
1723 4017
7517 5255
2983 3466
3856 5154
6379 7170
809 6142
2779 3189
2683 8343
3862 5342
8354 8219
5413 7654
7007 4424
871 330
6435 623
9274 3566
2250 528
6765 2286
9199 5874
3237 3795
5469 6521
5228 5391
5543 1739
6619 7116
7818 5782
6800 3306
7835 4551
4829 9570
391 4022
9415 9931
6375 9755
8908 8601
1674 4958
883 6524
8748 6615
3703 4145
4838 3035
7989 7357
8293 3953
9568 2827
7780 7969
8014 9865
3491 5279
4486 2105
9075 7906
7744 1164
361 6753
5770 5162
8798 3567
822 8816
4505 7026
5667 5217
3393 6576
6078 2355
1728 4002
2477 8541
9673 9678
7836 9862
9858 1888
494 8289
3713 6616
1019 7961
9116 4119
3988 9079
3433 5436
6199 6580
9464 312
1787 1864
1506 7063
2464 3121
298 3720
4040 2824
4224 2322
1824 8298
4368 2369
8686 7347
5666 7502
2472 5654
3171 7466
1530 164
634 3000
7289 635
303 5045
7879 3007
1793 1891
3519 5337
9932 551
6380 9116
2528 291
2119 338
6246 5691
6518 4469
114 6680
1971 6847
8184 8087
3376 1685
3086 1478
597 2740
8493 9607
5712 6167
277 1302
3238 1966
284 4363
6499 2676
9952 6501
8717 6164
2133 9495
6848 3353
1567 5151
8404 8659
1876 6705
8198 2060
3387 9557
8085 7208
5216 1231
26 7689
8829 7265
9958 3435
8669 500
5983 7770
3971 9012
8380 6354
9065 8271
7702 6625
9960 8493
4654 8377
3973 3023
6902 1318
8057 685
6459 6756
470 9279
7238 6905
7484 4134
9876 7939
8924 7452
9045 754
3791 756
7333 3502
7471 72
100 4540
3059 7108
5891 144
5068 9776
5507 1089
6945 994
5512 5853
3518 1429
1949 2174
1011 2396
5923 4472
9223 8737
7632 2411
6364 2716
5600 4133
2851 4003
3679 2622
6213 8035
5478 2999
8539 5145
4113 2528
288 9847
6348 1578
9832 2970
8660 2245
9968 8935
4979 5053
294 5730
1391 66
7200 2671
869 1500
4326 6140
4340 9075
3354 1512
8825 4899
2158 4657
825 9450
1575 7476
5862 4527
3550 8293
310 9259
4403 5100
199 8215
579 6640
7340 7249
8039 4798
6560 9146
690 3276
9302 4062
104 3982
1921 8287
4795 9721
5752 1555
2848 6524
6643 3925
314 8972
4177 8825
6866 6385
9258 6202
5304 3616
5878 1592
4459 3749
6371 8859
7868 4408
745 9462
189 4592
4260 3030
5571 670
4137 1365
5385 2094
2346 7985
9011 2798
5250 4593
6685 9046
5019 6060
7591 6828
6736 6337
5276 2559
2359 9729
1928 2625
6334 4601
6268 2168
3915 7939
479 2400
1217 600
9955 923
2751 1596
2004 1154
962 6462
6151 4747
5039 7579
135 8425
8072 5565
4235 7769
7266 2848
8367 3347
5299 3159
8844 1885
801 6187
9560 7149
3606 6165
8621 6431
6254 3060
2686 2050
324 6314
7862 1116
1366 9911
9451 6259
7355 5036
8937 4637
8919 8959
5781 7521
3375 3411
7503 5926
296 9356
6432 7312
7526 8194
7809 9272
4360 9917
1760 8912
4520 2632
9254 3050
8248 1174
6964 192
5248 7759
4998 8406
4753 5019
1729 3176
1556 3248
9912 3881
33 4261
7721 4331
4815 4655
3282 3742
9090 2042
2902 2668
5210 1236
6090 9046
6554 9111
3468 8052
4358 2894
1322 1187
4000 9201
1061 133
7687 5793
6474 7556
9367 8521
9208 7798
5989 2284
4796 9061
7794 6589
1640 801
9810 376
2254 8307
9750 8861
9735 3343
3471 5343
5468 7281
1691 9650
3371 1750
3127 2556
1834 1117
8833 296
9505 6834
4361 7690
2311 4680
3364 6982
5710 549
8834 1754
8592 6753
8745 1718
6025 8497
7336 7559
2261 623
1481 6901
1860 2297
4855 6683
5130 745
272 9309
1216 2846
4967 5257
6952 5101
7487 3724
9977 7262
412 65
2076 4537
3651 4775
5271 9230
187 3399
9610 5453
2820 9685
3790 4045
3889 5678
8350 3545
6732 5371
7464 5856
574 8844
2093 163
6381 7948
6357 913
5741 8071
6344 1202
9771 2266
9823 6463
481 8381
51 4895
9318 7610
3498 9407
1961 441
955 8391
2511 3800
7647 4432
6287 3451
5258 2239
9031 9591
5415 129
5099 7388
3846 8610
1784 8561
1051 6245
4176 5501
7801 2844
1986 2198
5084 1158
1608 9223
23 9687
9789 6680
1282 3102
6739 8670
2963 1127
2071 9333
9727 9908
8623 1760
3639 1772
7790 3423
1254 8229
7348 3830
3940 4804
1130 84
1637 2679
3632 5468
193 3192
41 7996
5435 1233
7024 552
8756 846
629 221
461 6221
3143 6972
2744 6702
2405 1173
6281 8220
7280 3488
5433 7384
9404 9052
4968 398
8502 368
7834 3022
9683 3787
3981 5397
5002 7201
2435 3805
388 2222
8450 1331
266 2748
1247 568
9352 2567
6436 1641
234 9958
2323 3801
3440 6932
2725 4146
4209 3351
1289 3043
4806 5003
1826 7775
3584 9800
4949 2555
9332 8900
6037 3781
2481 2371
550 9570
6377 6471
1991 8552
842 9873
4556 2338
6773 5576
5826 9888
2811 4407
2432 6275
4241 6588
9950 5232
7663 902
3735 6651
3217 1803
3711 3439
814 7007
2861 5733
7600 6754
868 9938
4005 9548
2203 2467
1253 2363
6996 5632
8614 3456
5582 4364
7044 4525
6250 9377
9635 1138
3527 5849
8361 7529
4629 7842
3058 1717
6557 4851
304 8918
5117 9589
9069 7359
9037 9960
5189 3427
7944 8395
5500 7987
2777 4158
7691 4611
4780 6886
350 5771
9053 1181
8504 4243
6821 2543
3663 1727
2860 7094
8457 8216
3788 2247
4845 5864
3568 2765
5735 7833
7530 9024
6340 2401
3969 5155
3472 9995
6138 9560
605 7914
4562 677
2731 1262
2182 5373
5869 5448
1758 6125
28 3321
7135 6647
8998 5212
6046 7005
1661 4390
7111 9779
3886 3245
3228 9528
8730 2102
9174 6736
7752 8159
5925 714
5033 7760
6500 6557
440 4495
1387 3085
8544 1789
9805 4878
366 1731
3243 1056
8440 2413
5128 4796
4399 6593
8158 2809
845 6654
3463 9420
1948 2990
4522 2940
6413 4708
9241 8
7859 8984
8697 7078
5265 6340
2924 5789
6451 5412
180 7145
3213 20
6922 6224
7206 2450
6135 7237
719 4455
7226 4786
9363 4759
7509 2911
9781 6240
5484 6628
5282 3264
5978 4788
1382 9870
1623 4546
4653 4295
2907 2591
6837 1564
4750 7077
4218 7676
1414 6479
6667 8188
30 7367
5431 5219
6618 4288
7726 2960
2658 2688
8171 1765
2589 2881
4356 1531
6934 9884
7014 9671
6876 9064
8195 4494
6725 3222
8907 6697
1222 4778
8742 3841
6004 1875
4882 8572
107 8094
5768 6876
4169 6669
2554 8696
705 2685
1178 2595
8914 8138
3125 6777
8527 736
454 8214
5785 6491
5273 8424
3154 964
6304 6921
4989 2231
3516 1099
370 6352
7783 8476
332 197
8277 9072
5651 6745
6746 4721
9725 7068
9971 6510
4670 2843
3293 6029
8633 7447
2852 6463
594 9084
6977 1861
7006 2004
5202 8370
7750 2454
4395 5164
3494 5581
2428 2343
2967 6559
6099 8430
3285 761
610 6474
9346 6884
2329 9137
195 7727
3357 3960
3291 8838
5740 3931
2234 1701
275 9771
7745 4663
823 8715
3964 733
8702 2891
483 805
9128 9537
3280 8461
4840 4881
73 1312
3879 810
924 6867
4935 4871
1003 1589
5802 992
4852 2645
9900 6581
3 5175
3599 4411
7015 3456
1845 2555
356 5237
7478 8151
4311 586
6731 9149
5268 6109
5208 9509
2841 2252
6176 6132
6223 1042
6885 6968
9194 7401
7222 5928
7543 9623
7516 9952
3227 1603
334 3339
3693 4964
6514 2726
6150 1209
3590 7133
2959 6411
7706 2310
2962 6794
5119 4478
7458 1778
2164 5500
1827 3165
2916 8191
2012 7736
5598 7121
4725 8434
3173 5905
2549 6114
6805 8402
543 948
7119 8007
5292 5229
6325 7692
9550 1081
5272 1566
8712 5650
9949 1850
4587 4155
9606 5096
5787 8098
3728 6598
4549 2581
3499 9805
1553 1217
3110 6615
5829 2519
8711 7940
7616 2904
6279 3960
5561 966
389 1136
3068 5770
9347 6246
9117 7127
5848 3937
6188 3760
141 6269
9621 1343
2933 6642
9919 541
485 1471
5241 2760
2202 1838
4068 2014
6143 6068
7572 2348
7641 8741
3767 8461
4847 169
4658 3306
4823 6030
3908 2662
1498 4469
1357 9352
2642 219
4954 1886
3193 7041
8559 1884
2580 6041
3976 4761
8331 7051
7257 8224
482 969
6830 8536
2950 8580
5427 1549
4268 1164
5309 8499
2702 5688
4078 1727
3108 3907
534 8821
5472 8743
9361 9141
6478 2475
3640 1821
9294 4986
7911 7695
7368 2184
521 8321
7160 5492
1460 2895
3430 6580
9429 8854
4497 4900
9740 7823
5694 9919
8480 4486
9283 7281
4477 496
9978 9581
4651 3940
6434 6196
9737 8156
1004 349
6236 5207
1044 1254
5387 9948
3450 1712
3842 5015
7535 7321
2192 6229
7118 9084
657 8437
9022 5600
9843 8357
7903 9033
62 7750
1448 5896
2301 6495
6923 1377
8355 4962
7508 7523
839 1355
4891 4305
1381 9304
6110 2819
1086 6016
8523 6519
8206 8159
9694 6385
9345 6791
7344 1067
3562 904
4059 612
4596 9839
1686 7433
9447 2444
6070 4137
6668 6107
8090 4179
233 1860
6853 1970
3447 5015
2421 8368
1628 2090
1609 1028
4233 5175
4207 6156
3049 9404
8185 8876
5136 2215
7271 8334
8999 6861
1350 5237
3543 2457
7211 7484
6441 9799
2694 9748
9187 2564
5779 3837
8679 5578
3039 2293
7305 1481
5823 72
9627 1132
6586 9118
1393 3478
5246 7774
2914 5475
6238 2603
3042 5264
8590 5092
9829 9748
879 4737
749 2245
3496 2577
9552 8434
1616 7673
6961 1111
4074 3990
4760 6724
108 8926
5334 7880
6331 6057
9714 1960
857 3833
1833 4569
7590 6290
8187 9934
6829 779
5536 9858
3094 9810
4290 5185
7362 5136
548 6056
7998 2740
6251 3399
9250 2499
5711 1573
2392 3083
9544 5356
9248 2760
6844 4146
8648 6691
3819 2160
8369 7527
5773 2611
2786 7090
7421 1284
6839 7337
5645 5260
1781 6227
8969 8992
9520 8311
8170 1119
9519 7375
3928 1910
3322 8293
9540 5775
5953 4120
161 1671
3286 2242
5776 3673
3034 3150
1707 8067
4140 3976
7123 1316
407 8399
8455 1713
3933 2758
9175 7327
5066 2254
1079 1109
9625 3176
8269 7315
5870 9909
6984 7180
1279 2134
8624 8734
3670 1012
1747 5507
5106 4997
3555 4962
1548 2199
374 3635
5471 8556
8161 4798
6366 140
3991 3408
8242 1985
6178 9493
557 8526
1687 554
2873 33
176 4163
3753 2244
2862 4789
9930 5871
984 9338
3145 2607
8284 159
3667 7167
8986 8126
3849 7964
152 9164
6770 6280
1756 7564
6191 8216
9599 2794
1221 499
8634 9616
4335 2681
6477 2751
8496 6141
1036 1587
1514 5073
6505 5130
7886 3200
1652 8220
3994 4365
8860 5904
420 3758
2011 4727
5227 8247
8113 465
4070 2745
1417 4016
5457 5742
6997 9016
3098 6440
4108 4196
7606 8009
9382 6224
2270 7268
8842 168
52 5955
5556 5307
5732 1231
3863 5417
6639 4447
7675 2350
506 1968
6747 9098
7112 7155
7542 6636
8054 6957
4735 1257
668 6330
4211 1839
3191 1278
8316 558
6937 2427
31 1510
7611 6707
7976 2537
9076 6419
4255 8101
1208 1880
3308 3242
1535 3568
4203 8293
8533 225
6894 5996
6465 2783
2154 3655
3160 4094
1777 2382
604 9732
1371 2416
9477 3147
776 5136
4647 2579
2169 2964
609 5227
2755 1306
5388 1470
6407 7518
9113 9063
6826 3469
4640 4872
968 2096
9083 2470
3444 4485
9381 854
9184 8006
4609 1387
3442 6486
4247 5334
71 9379
536 212
7656 5780
6709 6986
4439 3568
9867 799
8132 6885
5774 8747
5604 3485
1120 4712
3164 9121
9181 8609
6218 3587
8001 5588
9751 3883
4283 7743
9500 4632
7958 1688
7701 4750
8483 9851
5514 9315
2857 2043
6873 1826
2781 5033
7573 4914
9792 1684
203 2959
663 7573
1992 7697
3432 491
166 2345
1554 8877
8374 8717
6263 9725
3657 4414
1046 154
4934 237
6149 4878
6681 8266
3021 3957
4468 4484
3355 3810
2033 5976
