10000 9999
828 4250
4917 828
7336 4250
4045 828
1298 828
3678 828
1478 4250
5712 4045
292 4045
7623 7336
1766 1298
6459 4250
7956 3678
4563 4917
5187 1478
4485 5712
7801 1478
2607 4563
8970 2607
8187 2607
9980 2607
2195 828
792 4917
9028 4045
1131 9980
6227 792
2894 7956
3092 7801
4469 4917
6855 7336
7347 8187
571 6459
4746 1131
7682 571
1413 3092
3811 7623
6804 4746
4851 1478
3467 6804
2801 5712
7969 1298
7496 3467
6336 8187
7891 4851
2613 1131
6989 1766
1409 5712
9935 7969
2765 5187
7164 6989
7640 4250
8120 1409
5978 571
1713 4045
649 6459
7351 7623
7058 7891
9144 5712
9377 8970
7624 3092
5075 9980
9165 7164
8338 1409
6840 649
4719 6989
430 7682
5427 1713
5604 7969
8461 3092
1472 4485
5259 9028
9142 9144
4272 5259
1304 1131
9563 5075
5562 9028
8851 1298
5494 4917
548 1478
1918 9144
6829 9377
5842 9142
3833 4719
1608 1472
5542 7336
2297 4250
7544 4719
9607 1304
5502 828
1601 8338
9298 1766
8246 9563
5728 2765
7339 1601
8899 2607
4631 9980
8553 2765
1295 5259
8830 2607
1740 2801
4306 1713
8207 7347
158 6855
5048 4631
3928 5978
4604 7956
2833 6840
9923 5502
1898 4719
3553 2765
4085 5604
764 7339
6404 2195
382 2297
5226 8207
9513 6227
7996 571
6858 4604
738 5604
6464 2613
32 5604
3765 5842
7185 4563
9753 5226
3201 3553
7421 8338
945 1918
1761 5542
9098 5048
2564 764
4662 6459
9274 7891
8150 828
8823 1918
3766 1918
5620 5542
5511 8851
6968 7640
5103 5187
6739 3092
4506 1761
7399 5712
8616 7544
4998 5562
3756 5604
4658 8207
6020 382
2624 792
7559 3678
5439 9298
2294 7996
2158 1298
7770 7347
4153 7559
9464 6855
7778 1131
3244 4917
5144 7624
9511 8830
9964 792
7072 3756
3450 8553
7577 9165
5971 9935
6129 5427
8337 5187
3874 9098
2569 1608
7441 8553
9068 1472
2980 3765
6041 430
6047 2833
1757 9165
9770 4746
9491 7421
2244 8338
1202 2833
624 9144
1992 382
8716 4917
195 8120
5053 9491
5631 6804
9092 5728
3963 3765
3453 5842
3422 7623
7212 3963
1367 2569
1772 6855
4584 3765
4435 7969
9139 5604
4118 548
3941 7058
598 2607
1183 4658
5366 5187
7576 6804
1851 7624
7535 6855
3111 4584
2205 8120
2471 598
751 158
9752 1409
6161 4506
8173 5103
7519 2471
4999 3111
3133 3111
4407 2569
4898 7496
8732 3811
4461 4272
5797 8173
1674 6840
7917 5439
7871 5604
1845 3765
9429 1601
6353 5978
8877 382
467 6047
8950 7891
1466 4898
5468 8337
2451 9274
5530 6404
2147 195
5297 1898
8772 2569
1063 945
4981 6404
7555 1131
761 6161
7532 7351
4615 1845
4151 8851
1865 1601
9372 2894
4661 598
1065 5053
7879 3553
1570 2980
8924 6161
80 1131
500 548
8443 9144
4621 7956
6115 5511
6669 1757
3969 2613
9900 6968
2700 5604
2029 5502
4318 3244
1682 8246
7046 598
5189 5366
1419 5562
1969 4719
935 3133
7876 7351
5715 624
5324 7339
1224 3941
5798 9139
3192 195
2068 3963
6555 2244
7507 1367
8636 7917
727 6115
976 8772
6969 7576
5258 571
917 2980
539 4999
5037 8851
8342 1918
5573 8337
9640 3941
6523 6829
5666 5324
7863 3969
7358 4485
9179 4719
6875 6336
9390 5511
979 5712
8515 158
7503 8899
3248 5297
577 6129
9783 9068
899 1224
7071 2068
5072 9142
5071 1367
6024 2158
1461 548
4294 6669
780 571
6783 9377
9559 8830
6769 8823
7816 5259
2716 5798
4374 5297
1965 3111
7044 6024
269 4085
6657 7969
7082 3928
4043 4584
8900 1766
7549 7339
5251 7185
9260 7339
2183 4746
27 7336
8262 8877
7889 6041
1263 4250
6013 1740
5302 1608
3006 4306
5362 979
8941 7871
8430 5251
9146 269
1523 7046
7112 5439
3601 1065
8296 7879
837 761
1301 577
7251 4272
6586 5620
8420 9511
8234 3553
8091 577
2506 467
5539 6969
4566 6875
9083 9092
4443 8461
120 761
5095 5798
6478 2183
8092 4851
5975 7917
2067 3192
4376 1969
9990 8732
5435 7071
6544 6739
484 9990
469 8941
5391 1851
338 5302
2325 1367
7625 4306
4598 1466
2329 935
3152 1757
9828 3422
9728 80
9888 4043
8111 9980
7627 9146
9853 6129
6503 3248
2972 1472
1743 2624
7983 8970
9488 7519
3486 4506
8323 8187
4379 1301
2313 2980
7481 7421
5549 7112
2071 5053
4722 6161
2873 3963
3822 1761
5966 6024
9170 2294
8325 7983
113 7983
2396 9900
6655 3486
2763 6586
1262 727
9373 1682
53 3941
2390 1065
6522 4998
8324 2624
3086 7058
6347 7535
3754 3941
4830 9144
6378 2325
6888 7185
1520 7627
7183 5604
690 5468
3953 5975
6456 5573
3896 7917
2023 6129
4222 5103
8231 5071
8642 5189
3044 6041
8252 624
9834 4407
2608 1865
8426 7046
4654 2972
8889 7682
8298 8830
5810 2506
5257 8298
2953 7623
611 2390
424 5966
7918 292
261 7507
5411 6829
1007 3553
181 269
786 3963
5347 5297
6098 8342
2388 5971
2791 1466
6156 4722
2004 3467
6722 2972
754 6456
631 7399
3287 6227
6686 7351
7299 979
6954 7770
6179 2506
7968 5494
8276 3969
6506 9179
8073 4376
1135 9390
7136 9165
1390 3822
1877 1845
8038 5037
4559 5978
7565 8038
7866 4898
9818 8970
9143 9274
8055 4374
2907 9143
6955 5542
1038 5715
9858 5411
7859 4153
2836 6459
8238 8970
9973 1713
9897 751
2405 5187
5482 9488
8123 631
1712 548
9438 1743
6854 8324
1955 7801
6589 6555
9712 3111
2959 5966
508 7559
4514 4250
208 3941
8373 2471
1448 1845
5038 7072
3723 5297
4542 8899
5558 4151
5462 8338
583 5549
7970 3152
397 7251
8066 2763
5197 2608
2143 7565
3426 6456
1867 6478
6851 8732
7938 1262
2331 2195
9939 6954
4674 7481
3123 2894
3693 6179
7585 1202
4384 9170
3573 3123
4955 611
998 5427
6123 2716
6898 3422
8739 9900
1133 6041
5431 3723
7224 1992
6026 4917
6348 577
5029 7336
8313 2791
7218 2569
3903 1038
513 9092
2618 4746
8550 7585
2450 548
7811 761
9654 738
7429 6024
9913 9491
4884 6347
5209 4884
533 727
8697 7421
8463 9888
2537 3756
7993 7535
9077 2608
2206 1007
1569 1674
9273 3422
715 5095
7395 8238
6231 9853
1913 6464
1894 5075
4252 2004
7079 1448
2999 4955
7103 9654
3049 2390
8068 8342
7093 467
2413 7395
8848 7071
4715 9373
7768 7625
9740 3723
6782 7968
8748 8899
7220 1135
853 9752
8974 9818
2077 9770
8541 1183
6232 6456
1714 261
8171 1523
9132 1262
2640 754
9510 761
5648 3601
9651 9654
2857 548
2812 9377
2100 9897
8212 764
1480 8313
7007 9712
2359 4435
2919 3467
5591 4654
7766 5302
654 4621
3176 5362
9608 5591
5726 3244
4216 4435
7051 5071
3935 1480
8813 6555
6951 8262
4177 7051
6090 397
136 1867
2153 5573
2546 6669
9369 7544
3301 8900
4741 5975
1795 5573
5848 1569
3554 2607
986 3811
4410 3554
9678 9783
7620 5302
5944 3486
8936 3896
9201 1570
5949 6555
5022 7082
9717 4118
9307 3693
3599 1263
1420 899
3419 8252
215 8055
4361 2067
5450 5848
4259 2959
6302 9132
7991 8262
9762 1390
9710 1224
4808 4435
9936 3935
1837 6041
3525 8313
6411 9654
9174 5975
9617 215
7897 1478
6233 4615
2222 751
9597 9710
3161 7072
5389 8463
1919 979
1046 8120
1016 7044
9263 424
1684 3152
1230 6586
3297 6411
7115 3822
1423 4674
2949 4222
3495 4435
3789 208
2217 9390
8963 158
3511 1684
4641 7051
3255 2359
8104 3133
7892 9900
5836 7682
8559 9307
9547 5450
9086 8296
194 4661
4996 6989
8573 3903
9124 8748
8886 7866
7608 1894
6776 5439
1615 6522
6498 7339
8964 8171
4799 7251
7434 6776
4823 8298
9126 7871
2486 9146
8531 8748
8757 4085
3349 3765
4006 3941
480 828
3348 5648
1090 6498
8676 3554
3480 8757
8532 3599
9480 5144
676 9307
4869 5053
5265 2217
6138 5257
6602 3006
1677 7970
2334 9132
5341 4563
592 3754
3750 2791
2831 7811
147 508
3740 8924
5674 8970
7874 7917
1818 945
5962 9390
8602 6020
4279 4830
4395 6115
2834 4506
9408 3833
4620 6722
349 1740
9707 8120
493 9818
2853 8559
52 583
8215 8173
794 8886
6077 9174
5710 2067
6032 6231
2491 2999
6086 853
2679 2857
3838 1955
3043 592
8466 195
4178 9124
4448 9511
8738 9753
5605 8091
2662 4746
3371 5048
7165 631
3545 727
9587 5462
4564 6655
2267 4542
7717 9728
4967 9897
8369 1298
1868 4967
5359 7136
1861 1992
6913 8443
9991 3874
3014 3006
2157 8732
8377 3511
987 5341
2908 8238
8934 8150
369 3553
775 1304
3818 2679
7745 4674
5743 5482
3725 4566
6640 2607
3383 9547
2271 6989
3644 8823
4812 2451
1980 6232
3155 9144
8966 5462
6623 3601
7764 4967
2001 8092
8930 3754
5050 6302
3567 2613
3328 2972
5453 3123
9870 2763
3464 631
8158 6506
4363 592
6157 5103
9010 147
7720 292
5505 80
4262 9513
2311 6232
8044 3941
5913 3756
8717 7082
9423 3553
3009 7768
3513 5265
10 9678
1160 5710
2847 9274
9548 5302
9664 9923
8688 4318
4029 2077
2773 8963
9427 5462
4377 2953
8315 3152
7822 3553
713 5505
15 8461
1437 5715
8152 4485
6742 4999
8124 8642
9136 8055
4886 1263
4011 5037
8339 5949
655 8068
6695 7136
5887 2147
8722 8889
8776 9990
9014 2206
5503 9438
6877 3766
5131 6586
1967 6589
4742 8688
7245 7770
8984 6968
8401 3935
6542 2836
9892 2294
9060 7682
879 3874
914 764
1940 3756
3392 3896
7877 3348
9497 4045
8799 3903
7755 4306
5161 3723
3403 3754
7094 6024
1444 27
1531 2700
8469 9587
6318 4967
567 9060
457 4262
9459 2068
4777 1131
8914 2001
6251 7766
5681 8342
6105 3756
4873 624
9803 6378
3364 9762
8935 6829
1418 6739
7587 5022
9893 2153
3737 775
6960 1861
2214 5539
9623 3009
4047 7891
5628 6655
3479 1867
2870 269
6283 5591
4282 9728
3396 8461
6604 9752
5609 7339
9468 5542
6639 8073
7470 3426
3615 3287
4247 8602
6136 9092
5673 7889
5106 1420
2867 6875
8005 2147
5034 2873
4034 8246
6741 7938
157 3371
7371 9170
3385 9964
3204 7565
4049 7993
3705 5187
5559 764
7444 9086
7276 3287
3375 6098
6409 1919
7853 8207
811 4620
29 6686
9909 3255
5607 7768
3174 5978
4459 5257
6028 2244
2276 1263
1692 7503
7671 8234
8051 2311
4053 8776
6529 2334
5032 3838
6936 6348
2874 7682
1392 1913
642 764
7512 4047
3915 6960
95 5712
9596 4661
1163 7429
2062 3765
9695 3244
2979 4006
8269 7532
5448 9710
5498 583
1621 6020
4200 8886
7359 1795
798 5726
8976 5187
5352 4886
851 7082
6591 8207
5182 467
8355 2853
7880 8970
1319 7801
5264 8553
8096 8339
8172 8899
2152 4053
5644 3756
4985 9510
5280 676
7386 7371
6852 3403
5749 6898
8391 9695
5805 7853
8656 7444
6800 1992
6524 7544
724 1520
6997 6686
6958 1913
8061 8005
5063 4662
1159 3615
7365 3192
4331 2486
662 571
1856 7103
2975 7503
7657 195
8006 662
1490 6347
3790 5131
5135 5037
7595 4564
3646 6875
2090 7880
9266 6776
4128 9124
8467 5038
6445 1570
6191 1919
6319 5435
1756 9092
114 3287
5996 9651
5682 5366
1360 2325
4765 6695
2243 798
7121 3396
139 1919
3721 4741
2570 7555
183 7822
5208 7874
5108 1409
6490 6047
4150 7991
6245 5431
5759 6669
3519 9900
9636 2847
7241 7877
4637 7093
3067 2147
2461 3511
3048 914
9478 9427
3241 6123
5687 5805
4478 5498
2175 7682
4963 5962
7915 8298
9658 6586
800 8559
3390 7386
2514 5944
2985 147
3196 3392
311 935
6572 8851
693 4641
5395 1437
4451 4006
5119 369
3895 4331
4701 5605
4370 6529
8335 6086
2386 7359
938 9597
1896 5144
2948 2205
4580 8739
2838 2077
5659 7535
6967 508
9881 8676
4303 879
1887 4719
3212 208
8821 1390
8033 2413
9191 1845
9056 631
902 592
883 3048
4386 8851
4380 1360
9985 7339
5765 6855
1169 8642
4545 715
2458 7503
5378 4379
9243 5324
1933 467
6759 3255
1647 9478
9637 8091
1565 4741
4170 9488
3667 8467
3302 3204
9950 2873
6208 9728
4040 5063
7417 5549
3887 3176
6856 7115
122 6877
9502 6378
7325 6968
3106 5453
5030 8851
2022 6156
8450 2867
3091 8338
7178 7339
5919 5022
43 4376
5783 6411
3919 4376
5509 8776
3835 3919
3886 8005
3424 986
699 2334
8278 9923
4059 938
7285 2908
2704 4620
9063 7507
5360 3818
177 8848
6235 8531
7526 3486
1207 9803
1129 3928
4879 3155
7367 2325
575 9858
8775 2067
7628 6251
9094 6086
6242 8339
8133 4448
8122 6032
2343 4998
5974 4485
5865 6020
8833 8152
1532 3513
149 4363
6778 7276
629 851
8281 4006
5096 9740
4965 4566
7361 5103
4007 7339
3520 9307
706 6348
7706 4631
3285 7094
7297 5620
4690 8970
6359 7421
985 5502
2290 3896
9986 8463
7319 938
5821 7938
9642 5259
7916 5106
8735 9307
7570 4363
9622 1865
2639 9511
8921 7983
2196 727
8213 4262
5806 9263
8956 7496
857 8757
8367 9636
2717 3392
3588 9488
465 5644
3625 8207
5028 649
2969 9710
8336 480
7008 6782
7086 9298
5298 3588
3660 5359
4924 9307
9203 4085
5799 1856
1957 6888
9407 5542
6127 4898
4931 3349
9456 5715
3938 8877
5429 5726
5065 8150
4856 7079
9718 7766
402 7891
8543 3285
9819 9881
4603 9707
8604 3644
1812 935
7232 4566
4854 2716
6974 9468
3541 2313
4675 6353
4281 3740
6289 208
9849 9165
6839 8281
4298 3426
2167 2343
4433 9985
4915 7570
1283 8469
9769 6231
2993 5063
9601 7339
3950 9707
7109 4151
5515 8096
763 1918
7243 4715
2444 467
4785 2979
6044 6490
5933 8044
1092 4045
3609 4047
5714 2396
1936 5505
8 1877
2376 6208
3753 3403
5458 6875
1236 8044
9257 6602
3235 8231
6073 1423
3933 4719
8304 5726
4936 1615
3532 2175
2753 979
1459 9478
6019 7071
2792 2175
9532 2491
2185 402
8285 6591
5241 5144
7637 9373
5634 7434
9643 3950
4602 9174
7626 3152
6084 3287
4077 6913
3265 5666
5862 8900
2739 5810
8228 979
1501 5919
1681 7347
4441 9142
5097 8104
9646 8543
8571 3705
8884 4298
911 4690
4349 1298
6183 4386
8251 382
2821 7637
3440 8823
4921 624
2469 2143
3112 7956
4505 7434
3373 9502
2129 2271
8751 8469
1463 6640
8504 5573
7348 9298
6592 9459
3477 8950
4531 9985
814 998
5540 5251
3434 3204
9759 6522
3857 6989
4706 4715
3537 7620
8534 2129
5824 4485
3728 6969
7157 382
3748 5395
6063 4059
6007 7164
8486 7682
2279 4851
5561 8173
1852 9377
3303 4604
4627 6019
3837 5360
3564 7044
7955 2514
5820 2608
7078 5028
2966 7853
324 3303
6147 987
4192 7955
4037 9438
7515 9456
9030 3349
7840 4435
9046 6251
4309 7555
6094 4047
6211 7115
2156 9597
9378 7243
1116 5949
6096 9014
2687 1133
3295 3750
5329 8091
9070 3573
4269 1448
3250 4741
1600 7178
5830 8213
7905 7365
7772 4216
1288 5359
8787 2313
5801 4192
5668 6968
8709 998
3075 4395
6878 3915
8312 7046
9349 7628
5173 5919
5950 3525
9383 8787
4716 4505
7300 9640
2781 7889
8366 2195
454 4856
4783 2867
7685 149
7546 3750
4110 8212
9050 649
7151 9849
7478 9803
2940 1980
6828 8469
1277 9651
4509 8732
4321 4247
9831 3155
4562 2486
1035 8246
429 4306
2510 52
4264 2444
8225 5607
1765 1531
8459 2077
2108 2873
1040 662
7604 9146
1032 624
5619 7546
595 4264
1456 3403
9032 3833
1702 5573
2614 763
1599 3941
5886 5439
410 654
3945 2152
1269 183
9555 6302
373 467
5812 2833
4667 7347
331 1898
5056 8748
6416 8950
6707 2205
8635 3737
6284 7103
8946 7549
2499 5821
5771 4716
7818 3302
1331 7766
7777 5411
906 4150
973 3541
1595 6936
5446 7157
1246 7224
1061 8732
1581 1269
5521 5619
8371 3756
7612 3511
2996 8323
8043 4667
8357 2853
8893 2290
3670 3328
1072 6232
877 1955
1807 4566
8023 3111
644 5801
5603 3670
3775 5439
9236 480
542 8486
3508 4451
4287 2792
5838 4706
8319 8717
605 7544
4026 2704
3824 3887
8035 5329
1432 7918
3020 7640
7654 1532
9871 2765
6334 2343
9741 1898
8663 2175
4795 9429
703 8262
6575 6347
3057 1992
8465 751
6109 7503
6845 2068
7182 5056
5813 7481
1849 8739
3298 4395
1981 3390
1212 6858
2713 8775
6321 9601
4657 5037
6964 2157
8446 935
1271 9892
2163 2313
6880 6242
9802 1466
3281 4562
7793 2838
834 9892
1095 2618
8826 4200
5172 1159
8351 605
1255 2853
5361 3525
566 3174
2361 8826
6692 3525
6479 2167
2758 7182
7926 2062
824 9056
8271 8656
5602 9070
1925 7876
3858 4869
7804 4085
3826 6096
7143 1581
9928 195
5370 4936
9230 4851
3659 7559
855 2062
5267 2290
4846 2152
278 6506
3776 7818
4204 9712
5863 1116
126 577
2291 9423
887 6669
8306 4377
2597 8697
2320 4178
9790 5360
3234 2753
9017 879
6309 2985
521 8339
733 3667
4781 6047
7344 6529
528 3009
9013 1851
7223 6855
3516 5715
3741 2765
790 5714
38 6742
389 8642
5278 4006
69 8187
7442 6138
2897 7755
3258 7399
8948 9165
9430 6129
9941 3464
4082 8339
9211 6086
6143 6592
1708 3895
8394 1936
781 8124
7418 7072
6912 9849
8904 1423
1114 5462
9805 6524
3127 29
8201 5542
8912 8150
1888 2640
8395 1615
8832 1413
7228 1852
5213 1160
5599 9068
16 3919
6565 7880
7382 7917
4726 114
8236 1061
2180 566
5109 4153
4517 2153
2508 6783
1352 877
2226 6589
6627 4252
3521 2821
2633 8111
691 1595
5822 7339
6914 6289
9526 5359
3164 2597
6414 3969
5650 9853
4918 3328
7529 6974
9609 6997
8654 120
8816 7008
9963 5887
5407 4151
2109 7766
3849 7956
549 43
3036 3241
4540 147
1170 7157
4457 1601
9806 7968
4573 4719
2974 261
4897 4985
5218 6840
7499 938
8284 5352
5841 3953
6806 5631
7349 9070
2107 8213
4223 2613
9317 5257
8168 2329
2256 3127
925 8043
6352 935
390 4435
6064 9513
2775 3044
6768 3886
2418 2972
8508 2100
7548 9010
1136 6529
720 1743
2712 7418
233 4897
3167 7918
5393 1608
1050 2633
6087 7359
2637 3371
3054 4298
7467 691
6668 1867
9847 4830
9684 215
3891 9547
2160 4282
3809 4540
3449 1288
2817 4279
8317 6960
2078 5135
9957 4765
6909 7879
537 7178
2008 5050
1605 7164
8501 5798
6616 3255
778 7880
4723 3532
5732 4723
5524 5659
5497 2068
9737 1283
4692 7955
7805 4082
3476 1867
2394 1283
2932 158
106 9532
6893 3440
6994 6877
7511 6506
3727 1702
7602 8051
2482 917
3034 1063
8726 7745
3814 1714
9789 6759
6721 3373
4848 1955
9663 9307
4417 6575
8157 2491
8520 429
8918 5682
86 1016
516 6858
6197 2313
5725 6592
5923 1851
1426 8298
6727 5726
5572 4370
8378 6183
6458 7535
3635 9077
8765 5798
3286 4559
1385 8446
5475 786
6317 5798
475 2717
7048 8976
3321 9762
6541 649
2174 6955
4058 6026
6133 8158
7643 6464
6831 1992
5058 5836
1190 6133
3330 9124
9096 5841
4543 2107
8165 9124
2997 1818
573 4799
9977 2329
4060 8278
2574 3479
3411 4715
982 4924
8279 5034
6628 2450
9809 324
3654 7822
3107 9651
9072 4517
9725 5797
6152 8726
5158 5728
2146 4795
2776 5189
2213 8044
9571 6096
3647 1708
8475 5771
5768 6878
6815 4873
6005 5559
5723 2143
2064 4380
9002 4931
3543 8325
1096 7871
1735 5257
8177 16
9247 7866
616 1682
314 3609
941 1418
8903 3174
983 7297
4560 6997
2557 4204
2465 1681
6017 3495
3587 181
1585 7109
2750 4657
7803 4178
2922 2068
7702 577
7527 8964
3417 5886
3372 6414
7846 1608
7976 349
8962 676
6455 6133
8189 8269
2784 8228
7502 5944
5413 8466
1217 8246
6214 3321
5907 2482
5386 1743
2318 3532
2970 7604
669 9909
8026 8073
5610 7094
509 1601
6846 8465
643 2163
5803 5431
9987 7224
1842 2313
7810 1865
7794 8281
5357 571
8107 837
9066 5050
2793 9146
2306 3835
882 8813
3059 4621
2326 6856
9738 6888
584 9977
6540 7418
1245 2160
4352 6283
4274 2486
4023 8461
6872 5458
7505 8463
6785 147
2660 5539
9428 7879
8502 595
7379 95
2952 917
7616 8068
8730 4967
7923 595
2963 5265
3442 1714
248 4459
6226 2129
2728 513
7485 1480
8594 2361
6275 6880
4863 824
40 7361
7163 8956
9500 484
5016 1478
5930 8168
357 5996
3706 1245
3275 6540
2345 2836
62 3646
5083 2801
3150 1096
2902 8051
17 3297
8063 6655
2369 6479
9100 7805
8208 1448
5655 1681
4202 5863
1285 5712
1854 2185
1014 8158
9484 6129
7264 3371
5577 7897
5565 8594
2316 3044
6784 9497
1710 7976
7936 9429
9342 7624
5121 8948
7718 5182
3744 373
7250 9497
9193 824
7167 6133
2625 8912
2379 2158
6410 2974
4669 5265
1446 5949
8255 2969
7205 7968
1162 9646
660 1446
5399 7361
7284 2597
5904 6007
4055 8520
4197 8732
4949 8061
5024 1212
8674 7717
5245 9805
8380 2940
2120 9390
3062 7811
6412 9964
2270 9770
7974 794
5192 6878
3000 938
1465 1202
2520 5446
4230 7300
6153 2597
9918 5605
3357 5218
4458 2153
4962 4898
7690 9849
3356 8459
3232 4985
2237 1133
9635 2471
3875 3737
3028 7178
3429 3520
1976 3265
8100 9032
8841 8663
5981 4517
3665 5324
9 5030
5076 7535
6910 8722
7117 1263
9820 2388
3757 4560
9129 3928
6620 577
417 7643
2715 38
9184 4223
1192 2597
7563 5674
7045 7299
5217 8948
2804 5631
1314 6997
6548 4884
3649 644
8048 4192
9667 6572
4337 8231
9875 6910
4599 1712
5780 1965
9641 1940
9595 3396
610 3248
9865 9191
8579 9828
5877 4128
1551 1965
2759 3824
5117 3244
9118 610
9253 7938
2718 1894
72 7983
1598 571
9579 7336
5889 5063
8293 715
7052 7768
2021 528
6543 9803
9670 9819
8476 1114
2449 6318
7041 8313
7797 592
4207 331
5629 5798
7303 9559
1844 9964
6633 5245
231 1992
7684 1367
9845 9641
1727 7185
8764 6893
5295 6839
4033 5329
2474 4011
9515 7344
9219 4150
1655 3744
1142 9014
8731 5218
3682 9066
1870 2940
1575 8504
2819 3896
6441 8893
6822 9136
967 8956
1291 1032
3769 5482
4480 5494
7908 2765
2176 9809
6950 469
950 976
1793 3057
3499 3545
2785 642
3522 6028
4013 8450
4474 6479
8855 8461
2203 3649
2783 7993
7925 3667
9621 6878
1138 6129
1222 5173
2429 5822
6988 9595
2686 7968
4393 4153
3194 139
5851 7897
5578 2763
5508 2100
4471 1569
5920 814
8522 7243
5384 4013
4945 9991
2054 6412
8083 902
8477 2625
4696 8709
9160 6409
1353 3753
9393 8738
9561 6161
8755 1918
8434 2499
8859 7502
1171 733
3367 1129
886 786
8334 2359
7735 979
8277 6084
9851 9818
190 2499
3638 7706
5881 4604
495 9478
4511 8323
4249 5065
4888 8165
9416 567
3745 43
2193 2919
2606 2607
924 1314
4768 8281
9948 509
7408 6628
5556 7481
2556 9707
6361 1298
9589 2214
602 6157
5873 786
1755 6524
4892 1136
3713 924
5845 2320
9825 7297
8154 7682
379 7991
3899 5659
1141 917
9592 2687
4515 7519
5593 7228
8519 1285
3623 9459
4240 8208
8947 3938
79 1756
594 1710
3236 9478
1629 72
7883 9985
8197 8277
7703 8465
4732 4715
5464 5391
3982 2894
192 5378
3135 2907
7229 5813
3134 9429
4422 7891
5754 2953
5943 763
656 1490
1485 2870
1982 7347
5800 9790
5932 6851
3534 1038
7206 8531
3012 5502
8917 1532
5903 4999
4132 8550
6671 484
9088 8296
3202 7344
9889 3012
9470 1957
1473 7093
7799 1896
253 1992
5332 2817
641 6721
1460 8055
9531 3682
8428 5981
8384 3753
1763 6591
5660 4886
4114 6855
4484 43
9734 1501
588 3665
9290 4795
3556 1772
383 9849
1031 8877
1411 9759
7049 495
1293 8152
3805 2853
1949 4540
6675 2157
4267 5258
1964 6404
4512 3520
8308 1269
2133 5435
6093 5278
7414 5072
481 5360
3827 1918
3483 5887
8601 9803
1760 9124
2666 3537
7715 973
8254 3809
8908 5063
447 1849
7247 3891
5987 7434
3078 149
2609 8277
2432 4395
1495 1163
42 2237
3577 3534
4341 8826
6424 8841
4986 3678
2448 3204
7425 4484
678 1192
4934 5542
330 3176
3465 3849
9676 9936
3219 278
7064 3164
4786 3516
8932 2067
9483 4441
9302 5578
9534 8475
8203 4781
1421 7624
1524 3176
1950 2932
5671 8813
5976 4309
7796 6317
1408 9980
1125 4669
4330 7682
747 1629
1333 3953
1979 7399
2415 4459
288 7300
6990 778
3456 6575
7454 1844
3820 2326
7539 6129
234 4370
1102 2765
9591 8813
2081 7549
9516 4783
8076 2853
8873 3164
5301 7936
7061 4675
2169 7049
4065 6990
5343 917
5059 5324
3186 2979
8009 8515
4794 5886
9846 9651
2132 8757
7171 4153
7343 5944
4682 9342
1582 7157
3402 2838
4008 7555
3518 3919
9410 6197
6286 3135
6662 5824
1470 6759
7661 3577
6674 1919
449 7811
6413 457
2266 7715
8478 2907
4083 9828
6081 2750
8069 879
5124 5806
6643 2021
8901 6081
6562 7627
479 5063
8913 9
3114 5218
7038 6620
1612 6784
4524 669
4557 800
6376 3508
3648 8886
1357 5391
5309 7470
5064 6319
230 9100
4793 7811
6128 9290
1143 3036
7896 3705
7337 1524
5336 5037
2843 6044
561 5558
7397 2759
3603 6969
2711 549
6653 7892
2818 3106
4666 2185
7554 6543
2127 9738
6089 7048
7692 2776
3331 4433
5079 1444
1588 3713
903 4545
5522 6913
1937 7481
6816 5158
7500 6994
8874 3385
6926 17
7428 6880
6425 6875
8410 8717
5630 6936
9668 1014
2337 6997
1066 3281
5670 7182
2915 883
9232 32
376 8120
4244 8550
7498 8522
4375 3234
7202 9897
2039 4274
4819 32
7144 8044
7851 2831
9322 5605
7518 4785
3968 6289
2658 5558
1326 5630
4378 4746
7583 4654
6296 4545
3256 2469
8052 8726
4847 1913
821 3434
9323 4949
1884 7045
7176 8776
5633 2870
344 3107
6140 6633
4397 2195
988 3044
273 9428
5015 8428
3636 2432
1636 1333
9780 7684
7013 8384
7870 8380
7306 3513
5180 1418
7479 4848
6394 7772
7305 7870
1084 9515
1378 6707
2073 4114
2669 3644
4659 2597
2519 120
3572 5075
4383 1795
236 9622
1483 9
1077 1888
7396 7223
2646 234
7069 6007
3011 2143
8769 7176
3574 2949
8249 6352
8778 4517
6015 4410
2166 4723
2346 1418
750 8104
748 9563
7621 1740
4131 1612
2479 8873
9874 8848
4581 9322
59 6524
3695 1421
4743 8519
8585 8066
9212 7915
9278 3667
8287 9464
6863 8855
9821 778
5738 8044
4305 4349
8331 9707
8798 3615
4739 906
1209 7549
6154 1143
7774 6506
839 7657
7269 2993
8330 8730
2350 2514
9207 9132
659 2078
9922 4808
1235 120
7557 8486
9758 8461
695 7347
2381 6352
9499 1599
744 8602
413 2345
4224 6416
5544 9664
6805 7399
9812 3194
4317 5799
24 38
8888 7908
2265 1692
431 2157
8138 5599
7513 9601
7971 5803
7354 9717
4841 3034
385 3295
3616 8663
252 8520
9766 1981
7401 2902
8548 1385
4470 7595
8743 4690
6873 1456
8910 1599
4930 1102
3980 2847
6298 7955
6715 5182
9639 2985
3771 7165
4188 4279
9018 4216
4099 8531
3131 1333
5017 7529
7257 3874
2641 2001
1380 3106
5311 4517
4978 5889
2957 1421
115 2318
6585 4557
4000 1131
6388 6783
5694 775
5110 9429
8178 9212
8229 6805
2338 114
9106 8313
5496 6490
1956 7996
6756 9142
4263 5650
7940 1246
6647 4461
4103 693
7028 4281
221 4888
3613 7793
7972 9349
7390 655
6689 7425
8612 2641
6168 2763
658 549
2083 2557
2358 9302
653 1192
5724 4732
2192 6689
5665 8465
9929 1298
1241 6888
8662 3769
1122 7770
2234 8279
1064 7264
5621 839
4415 2359
6204 1976
921 5715
6001 5259
259 3067
3125 5851
9756 7251
3220 3895
4343 4451
6460 4077
4775 122
7200 3426
4797 3577
894 4580
5215 6020
9656 9068
1185 8924
5142 5494
2748 1125
3691 7103
6271 1937
3782 1331
5545 9212
5554 7361
7067 3201
7110 3232
2677 7454
9836 747
2092 6460
6220 149
138 1884
729 4716
7283 8100
3709 9589
5879 1743
6612 1845
3772 1245
9764 253
4877 8903
9301 4377
1798 3464
5371 7915
3461 3874
4335 4863
4261 8371
4629 6143
99 9900
1098 5395
3796 509
7405 5674
5415 1621
4990 3623
1748 8339
1147 4696
5854 467
9528 828
3418 2205
3902 7548
4426 9936
8653 6620
9473 9758
5073 7972
5688 6376
2370 4170
4159 4170
8220 5943
8001 4485
401 8076
1711 1138
9714 5987
404 8395
4021 7625
4684 7115
3415 5633
9616 7028
5356 4043
5008 5754
2274 6816
2182 4000
286 6161
7214 8001
2856 577
9049 6232
3605 1601
1660 6954
6495 5034
7114 5688
8260 7859
5239 3969
2375 3623
75 1392
5136 4341
3730 8279
4547 6413
8448 7164
2 2182
8702 2449
6564 7325
9246 5029
4091 5482
1244 3419
2747 5803
1642 7144
4558 5886
12 2160
3351 3670
8517 914
9311 5845
1427 8281
3663 5726
4322 9534
1290 3204
6860 641
444 7417
315 7336
2540 9893
6249 3521
1457 8543
9996 8548
5652 8044
8704 75
1000 5028
3831 6872
2771 4410
2808 1207
6574 7766
8297 6548
1512 5361
1547 6828
1059 4082
7464 8886
6705 1333
8998 8168
5299 8688
8040 4657
2435 2143
5583 6769
6230 1727
3178 2185
2644 8469
6507 4426
6743 4318
2101 8035
5188 1319
6417 1125
5941 9459
6174 2157
5566 4393
6022 1483
7696 7049
553 4264
2000 8369
5814 2083
5247 4775
3898 181
601 691
7792 3982
9749 3133
9366 1837
4665 7086
6885 8602
4196 9923
4913 4083
7951 9077
1278 1385
6975 4637
3382 4376
2433 3449
9799 2370
7981 2182
403 3646
5782 9301
8116 2039
6730 9825
1359 3078
4184 1301
1379 921
9241 6914
7687 9889
2079 7778
7075 7067
6099 8208
6067 8061
5729 9438
9508 8338
8129 1532
5174 5309
243 6875
1883 729
6740 1898
5461 5780
587 2337
3784 6412
4803 6647
5874 4917
8671 4395
8155 5821
9967 147
6265 3461
3215 3782
3810 3567
7596 8038
6881 5299
6343 4722
4072 2390
1313 5497
9709 5022
477 9230
7710 5975
3466 8855
927 2908
8661 1852
4445 2120
1978 2831
9691 3553
3158 3456
5202 8006
9097 9323
9280 987
5837 2390
5850 4949
189 8420
8257 7348
9220 4963
3401 3756
9487 1418
9681 8508
9443 8313
9306 5453
4231 4040
7902 4775
2351 3667
348 7045
9525 5814
6593 747
1697 9738
5613 3577
681 3167
9700 1856
7345 7421
743 5251
9339 3486
7630 9500
3085 4461
4348 8697
2851 5378
6944 3713
7280 1980
2647 8901
5571 8312
9120 5032
1506 7879
1916 9985
8191 5189
6970 9423
3497 9193
2916 5738
5300 8948
2315 3011
9448 1262
6821 5554
366 8220
2778 4118
3025 887
6718 9851
6375 8702
1885 2294
8923 9758
7449 6662
6775 3814
2976 9456
30 1263
7003 1290
2780 465
4434 2265
1445 6586
8065 7544
4332 7811
4496 2687
4404 1278
4067 4417
4757 5173
7828 6913
9574 2765
2815 7269
2893 5981
4440 4072
9538 610
8575 5634
8067 6888
4992 330
1496 2556
2619 1852
5979 2320
3631 6572
260 115
768 86
2048 8104
842 877
9059 3328
2542 7276
2060 7956
5255 2570
8892 5559
4316 6464
7992 3125
2989 1217
5883 2450
4486 2256
1205 4478
6795 3616
6511 7871
5353 5505
3189 389
8989 6759
7613 1244
1643 2614
2219 7243
880 5797
7035 8044
4705 6283
5654 6227
3506 2792
9462 5257
6841 1147
6940 781
3681 4540
3227 9018
971 1812
381 7970
4904 5805
4493 6544
1325 9870
5351 4854
661 5496
7315 9875
1292 7974
7063 4877
5823 1427
1384 7702
3668 4621
4567 3556
3334 6955
1322 2073
8235 7870
1839 4819
9267 8702
3738 8889
8299 9459
2620 7793
4710 292
4355 2613
7984 3564
937 5109
1484 4029
6114 5255
1801 5682
3389 587
920 8157
5122 3062
9857 9589
4804 669
7304 5665
809 8579
4169 6647
2735 5593
6263 9607
8206 9049
535 7661
3454 7405
8819 4658
5331 9179
772 324
2112 2514
965 8604
5237 1298
1175 6005
9228 8238
2241 2
1678 9623
3531 3256
2744 5966
1233 4448
1583 259
8761 3543
4866 5798
9034 6828
5317 9129
8121 5103
1718 32
2084 4393
7053 3383
8561 5386
5394 1233
318 935
647 676
8343 4566
2096 5032
7130 2744
7424 4249
6605 7555
2879 9207
3967 6133
6781 4830
1942 2817
9303 1702
442 8066
4326 4395
6399 5217
2727 5941
8933 9967
565 5805
1383 4244
6690 8601
3079 1575
2862 3574
6866 6974
8386 8908
3780 5245
6035 10
8261 3349
6579 7519
9392 7044
4686 2953
9698 533
2247 1090
5105 691
4613 9203
8887 2160
7881 8486
1369 7075
305 5411
3308 9834
901 8914
1252 9013
840 8908
1045 2174
362 7251
8484 9845
4941 6114
6448 9639
9359 2718
1067 157
5866 5208
439 3059
9279 6612
8333 5976
3279 3287
5282 3668
5534 4013
7562 9429
9076 8373
2924 1230
200 9710
8555 561
2589 3375
2445 4580
9774 2
2962 1102
8639 5801
6365 988
5908 8889
6331 9390
4194 3730
2668 6990
1276 6086
6079 6936
9341 4863
562 6275
721 53
7928 7892
3932 7218
7847 2108
8800 9491
8050 9845
7979 7626
7647 3858
5289 3348
4268 9508
4860 7395
7122 6245
7704 985
3611 4742
3132 7048
5201 7305
795 659
9074 2867
471 4493
3061 8855
2995 2976
2252 8213
2164 2556
7001 5215
7899 9430
8549 1114
3309 9805
1450 7182
9550 4732
4365 3820
2832 6007
2794 9219
3070 3531
9067 1674
6023 9967
7203 1269
2512 9341
1274 4924
8094 6564
8990 8639
8840 2213
7760 7917
3598 6109
791 4794
9628 1677
1996 6875
2172 5962
2224 6044
6577 2172
3942 643
2099 9628
621 1868
6921 9306
4971 2394
8020 4378
6288 8073
7759 8006
5085 8338
6677 2996
8273 2334
4906 4854
8680 902
8451 9936
648 3114
5141 2090
3296 4045
9004 5362
2628 4306
7751 8579
434 747
3801 3521
3482 8722
6876 1588
6255 4692
4548 7053
464 6854
9655 8662
5232 1235
7483 549
8618 9092
6337 7955
9877 2728
8940 6245
4827 1981
8854 4128
4098 5124
2076 7938
1447 2669
6711 8642
4792 7554
8454 9805
6610 9028
9388 4931
3734 7565
9662 6542
333 8575
9541 6204
8881 495
3369 9875
6615 5353
5817 6424
3113 6152
7901 9752
3931 9617
2611 7616
129 3477
5183 7774
1586 9034
2563 6208
8385 357
8664 5976
1607 7544
2407 6577
8433 9853
5234 8548
4800 1007
7953 5738
6415 1185
7321 1446
1675 4723
3570 998
1076 4321
7420 3331
8598 6298
9019 3513
2933 5578
296 1883
3797 1098
9771 4514
6838 6690
7471 9547
4997 4563
2516 733
518 1125
9256 6105
572 8778
1560 3874
5451 3525
4437 4886
8442 5743
7990 5530
6601 8343
8227 4847
604 4458
6779 649
2204 9508
3694 8
2503 1575
5126 8330
9735 8111
5784 7687
9178 7529
8824 1063
1499 976
51 6235
7536 3518
6984 4485
6518 7417
3590 4132
2248 4524
9984 5029
4238 7613
4315 208
5442 2857
317 3194
708 7630
205 3950
4329 7866
4364 5302
9167 2270
448 9656
2654 189
411 8504
9866 9550
3995 7902
2659 1595
8693 790
4968 12
2982 8884
6793 8693
4062 6821
1299 9819
73 9106
1545 9066
4849 7690
8230 1290
2943 6784
5069 2856
9079 6197
9761 2557
4878 9986
7088 7351
8318 3150
2207 7877
2729 2164
6682 5687
3909 9698
4163 2966
4079 6873
2456 8601
2097 5687
7446 4986
3407 7094
3606 8887
9326 1714
7244 8005
3594 1520
6164 129
1529 9307
4909 9651
1505 814
1905 6878
2903 3043
6932 6610
6946 4317
9514 9836
5942 1470
461 9473
1407 1837
1676 9146
2600 4153
9224 3609
5350 1407
6181 2369
7294 9963
8482 9178
946 8355
8864 9668
6493 5172
9305 4150
9876 5754
6576 5842
7324 4252
9520 9849
3913 8932
9606 1980
9490 3367
5898 8111
7394 8446
1149 1756
7267 5879
7074 2147
1482 1271
2467 6022
9151 1252
8938 2716
1240 8465
342 691
3504 5800
4813 3396
3230 8420
2012 9028
4718 8150
6419 2970
4057 8504
6427 1913
5791 5378
356 6284
8090 8246
8250 9236
2855 4524
4225 3919
6818 1712
9919 1735
9403 4337
8219 8050
2787 2771
739 1461
201 7349
6596 8501
98 654
7858 1183
7137 1290
6704 577
9073 7863
5918 5554
6762 6926
6368 8722
1257 7563
3610 1392
674 4667
5988 1014
6237 4877
622 7305
9801 3367
5420 7908
387 883
9854 106
8439 3837
636 4967
8414 8001
1346 3483
134 7479
2581 9243
4371 7446
9880 7905
2142 15
913 2606
9026 5475
3213 7117
9811 1333
7809 7165
9425 7478
3892 252
2532 9964
9469 4049
5176 3820
5120 1505
5000 5259
2005 9513
8160 7518
9101 9004
6146 678
8179 5056
5093 6564
9512 7657
3701 1501
753 5771
2554 5356
1085 3426
7738 8355
3817 7365
2263 562
3762 9307
423 5331
2287 3682
9495 624
3320 8990
3260 674
5680 2479
7375 4282
907 1495
3736 379
7318 2519
5510 3933
1915 1583
8105 549
3816 4886
7790 9783
470 8517
9536 4272
4339 6394
7355 539
2543 8225
4438 2001
556 9877
9904 7991
9994 2609
9501 4457
4592 1599
103 317
482 8006
2085 7983
2038 4517
6894 62
4510 8069
1685 296
8282 1957
1361 9056
386 763
2720 4006
6335 7421
7607 7984
1140 6783
3582 86
2871 1629
8608 4238
771 3044
2806 4602
3363 8104
5722 8187
5166 753
7129 6866
8847 2838
121 6427
9496 8035
1985 79
1549 2247
9409 8548
8305 1459
8441 8923
5910 7991
6749 3678
3680 386
173 9717
1892 3176
7095 2294
4251 3250
5098 3886
1027 9403
646 8743
3082 8284
8184 837
3108 8038
4454 7685
6060 9574
384 2213
996 9764
9492 4662
5957 4170
4293 9802
5616 315
8417 4819
5501 5213
8814 2180
2667 8410
9375 9488
2155 4997
8473 9770
3793 3691
8457 1096
3584 5655
5557 8426
4988 3736
9938 6335
5292 8052
3154 2569
612 4924
182 3012
3361 9592
2805 4079
5946 5394
847 2894
268 1867
9368 3709
1751 5505
2368 457
939 3281
8733 1868
2645 2784
7440 4531
5811 914
5588 4192
4544 6669
3645 2780
3643 231
3958 925
6462 7745
1289 1756
7504 902
796 7797
7514 1289
4874 7877
4489 676
7107 259
3767 7386
8010 562
6467 3587
7295 9083
6582 2867
4572 9774
1584 6099
930 8319
3226 6612
5776 4963
2518 1353
1039 2972
239 3793
1541 2662
4520 2537
5550 2217
6461 2855
3622 114
1824 4967
3608 3771
1377 470
4780 1608
745 2386
1042 3351
7363 8277
619 9448
6500 2677
885 3434
67 4348
1769 1711
6520 1660
2770 2000
8025 236
8362 2646
3095 2999
7714 7514
1783 1844
7669 4426
4561 1884
6398 7241
8809 5634
848 4376
7091 6860
9905 2763
6961 521
813 9635
1340 925
3284 7471
4538 1569
7823 5108
8866 6668
6141 3383
8072 6704
2790 200
2197 6840
5418 75
9177 4448
6110 5016
1180 8414
3325 8636
3502 2160
2692 2083
9808 6984
9944 4561
9217 8635
8021 2727
488 4544
9320 8308
312 5866
4112 2996
5730 8950
5151 384
4068 6888
3908 6909
8953 2345
3633 3284
9036 356
4920 5671
7433 1575
5995 5494
6986 583
7186 8377
4642 4557
6979 4169
2333 2207
102 5117
3183 6605
2125 9799
8409 8541
3191 6640
2382 8748
2883 5823
8838 4315
7660 5950
5409 771
3955 1761
6373 9606
735 7805
1568 8532
6832 7796
4476 9875
7534 1456
1188 2750
4148 1240
328 2735
5947 7563
3292 3826
5658 9279
8564 2160
9829 1505
8808 5881
4703 9799
7639 5446
4071 9428
217 3422
6438 1236
3960 2448
1667 4371
6304 2180
8790 7306
9815 3415
9947 4163
825 9459
7085 1529
1425 5557
8444 2196
732 2662
8736 1340
3651 1295
8422 5289
8327 126
4119 8006
8099 9496
5060 4341
2866 4262
2665 7926
26 1437
486 7576
9850 7559
2089 4343
9731 5442
7222 8072
9486 6388
4818 745
8019 7504
3731 1883
3160 233
8683 5371
2672 5361
489 2467
6734 356
9304 6331
5973 115
6439 3534
4810 9520
3802 3106
1414 6541
5191 8276
5145 3502
6957 7544
8198 7318
4815 1824
3288 2090
7681 5371
2695 9511
8321 2532
3145 2787
9505 7687
4310 9339
7605 6179
1057 1085
5421 6439
9860 9892
6078 6633
757 7359
1808 342
9445 6041
7388 3465
3764 2518
6976 7478
5473 3838
8344 4675
3033 1092
4925 7421
3884 7115
5818 5083
1874 5409
3246 7759
2752 2570
7335 4627
7042 1383
7126 566
7785 2112
5227 4230
5438 3178
808 8386
2850 3532
8353 9939
1910 5725
7332 3466
1229 7244
6068 6655
4219 2108
9827 8231
9300 3095
3374 1236
9906 4936
3882 5366
1864 4795
5459 5887
7455 6961
5900 4629
6324 1136
6515 8813
2576 4981
5711 3941
7942 113
7423 9146
7385 6964
1542 7137
3551 3908
9952 621
7293 7990
2049 9126
5392 2871
8514 780
1566 9403
3117 2167
4500 448
5632 1379
7695 4318
7895 2794
7468 5588
5149 139
2280 4282
7197 8813
8047 6604
4588 429
5789 4985
2946 2805
9517 475
8127 7109
1430 7008
2612 311
5223 9977
6484 9709
829 464
7568 5093
2312 7899
5382 7902
1213 5069
9686 7559
4113 6643
543 3898
7662 5201
7407 8934
4084 9957
240 6576
6272 611
9465 1600
5087 387
398 7554
2303 6214
352 1692
5171 2862
5703 9067
7864 1551
6170 8484
4865 5280
4845 7078
731 1470
2228 7956
4902 5521
316 7613
6393 7585
760 1235
7240 8664
3224 8138
6941 3132
8542 9004
6516 2175
4528 5728
6903 102
6908 7692
4420 5730
6635 1523
5133 9860
2688 8386
522 729
263 3608
8606 4941
3488 9032
9239 3011
1669 1277
4182 1369
2400 7796
9463 9465
3998 7923
6431 2717
4744 5343
9645 6829
3474 5508
8926 6110
7712 4884
6440 6951
257 8157
6163 305
8672 5670
420 6674
9295 2748
7987 8930
1717 4877
6966 5932
92 1905
4078 9728
4418 6361
9107 3095
2691 1212
4663 5830
1402 9617
4507 4584
133 9695
850 448
559 4794
1068 6605
4175 7470
6702 6128
6512 7526
5236 8739
9934 8889
5355 3288
3485 9253
8544 4615
4801 5842
8806 9068
3198 1714
7566 5180
9183 3364
2446 549
8499 1547
818 8877
3916 5245
7564 4505
9921 9870
9575 1277
9461 8271
7641 1367
7459 5247
1752 181
256 1482
9351 8380
8015 8252
1908 649
3894 1212
7599 8864
5772 8806
2534 2989
5829 5149
2568 9246
415 3892
5205 8601
8774 6783
2086 8297
8494 4981
6726 6409
4551 7925
6306 2639
7824 5420
832 3117
8036 750
8756 5459
304 7507
1539 7803
1 7418
7413 548
9399 8116
1721 4404
1596 4478
8509 1042
472 4515
1914 7382
1628 8133
5254 840
3289 4851
9337 8152
214 6726
7019 1677
6178 4397
6949 2243
3063 2474
1399 1445
5025 7206
84 8010
9387 415
1847 1582
2310 1969
7691 4542
8266 7354
1507 3631
7002 9508
8593 7691
2899 9337
6103 121
6935 5350
1020 5591
2629 8426
2502 5136
1604 8593
1132 7071
6392 2499
4314 8377
7528 715
5516 7772
6510 6028
9503 8203
4429 7171
3637 3248
9652 3220
4235 508
6546 9957
1121 8033
7159 3275
245 7185
5727 1495
8793 7511
4101 6795
3561 8594
7111 4103
8265 1040
5760 2873
8382 9827
4727 2902
4677 2510
6385 2608
1195 9513
8449 5910
2875 4860
6379 1914
7648 7785
8737 4026
6581 6094
443 4071
9033 7459
156 731
6547 4879
1540 4515
1666 2574
4953 2516
5731 7424
1610 1465
3593 9875
1927 4377
8533 522
9058 4222
608 4119
33 658
5203 7915
367 8449
7821 8533
6509 9934
8258 857
2561 6174
8880 3648
5403 9416
71 5072
4405 1325
4344 5883
5304 2924
9798 8549
9406 1432
9344 7051
1767 2461
8794 4192
7099 1255
8991 1064
6457 1235
2289 9516
145 4544
5970 5017
7786 3356
34 3638
3500 2196
2453 9854
197 7883
4535 7534
9435 2465
1557 813
7273 3960
6135 2735
4064 1262
8597 5357
8211 129
6978 3771
7575 3525
5160 8661
807 5620
931 6593
4946 5232
975 7613
3523 1461
9455 9762
1931 7044
6055 7078
4473 7086
6999 3968
5520 7595
4867 7144
3940 2639
6273 6675
4236 5772
4523 3287
4392 4573
916 27
7590 8738
8902 5703
5256 5024
7316 1133
1709 3625
9357 4851
8170 2717
3175 4238
19 1169
4412 5671
22 5554
58 9279
491 9243
4494 9771
9352 4703
5325 6643
3529 9357
2036 3519
5699 2465
4296 8877
6699 4920
4824 6616
6748 243
4724 9802
223 24
719 5978
5869 610
110 6779
7736 3916
3828 4316
6886 4863
6018 2953
7435 7548
4844 9470
96 8235
6491 4378
6996 2445
5958 5301
7124 5213
1903 3643
7552 4440
1829 5000
6833 9473
9680 4441
8587 1524
176 9307
7154 8378
8617 9516
9568 1
8329 8096
1056 2659
9814 8593
7179 4321
6282 3396
4028 6467
8763 7143
6012 9849
2017 9098
7233 6854
5831 9695
8194 9063
3860 1918
1639 7923
5786 3903
5196 2248
5735 7442
361 5355
4036 5496
496 9845
8134 6161
9729 7824
2130 9300
8480 4562
5617 1761
4680 5173
1173 4230
3937 1188
1777 6989
3263 4620
6827 9541
6244 1919
2650 3497
5374 442
1082 2180
2425 9996
3697 3529
3110 67
8707 4892
235 2062
1804 1636
962 8048
5383 67
1324 1046
5587 200
8909 8764
904 7916
3954 7335
4522 3164
3788 5791
6206 2303
162 3945
5637 261
6171 7318
4066 6970
9615 1427
4862 4259
1603 6028
5194 1276
4950 2940
9116 5450
617 9948
736 2092
9796 2120
7813 7874
6075 9639
6807 7613
6925 2970
419 292
6808 8531
4938 2120
1912 4082
3387 2183
498 6093
876 7241
5381 8111
7453 3598
9327 4511
3905 8509
6489 7527
5406 9290
7780 1131
3469 5120
249 1414
1592 3682
3806 288
5977 9892
6874 9066
6494 7433
4855 6271
4916 1463
4569 7367
8162 8475
9690 9184
9557 5866
8419 6989
6303 7811
3421 904
7808 8833
3359 8036
5718 318
3735 2291
6301 3091
3400 8923
835 7088
671 8841
242 6028
5148 8072
9117 3303
6502 6064
3280 1257
497 6445
657 9301
1944 8410
1983 674
4241 4082
954 9026
7043 4379
2357 7993
4436 331
3053 9667
1219 6265
1972 5247
1452 6013
1764 9239
8862 7129
2194 9526
9624 2109
3703 9667
2399 727
1826 3194
4571 6827
3777 807
6939 1541
3614 5161
4647 59
3291 4496
7393 4703
8660 7891
2105 950
6834 8840
7688 4318
8646 9357
9061 6880
8379 748
989 2831
7313 8386
2082 4112
716 9403
6563 3615
1611 5632
6588 3241
4762 3603
942 3295
1921 1944
3017 6251
6345 3695
889 8107
2015 4034
9862 9654
4928 3196
5685 6876
3583 3280
667 7552
4419 9770
5146 8266
2825 2563
7012 3780
2339 1936
353 829
3159 7536
3409 4757
8226 2609
679 2270
6184 6284
5745 2078
4784 7575
8554 120
3268 4377
2332 571
1791 4538
995 134
9926 9266
5983 3482
6447 6727
6446 4496
3976 5800
9389 9061
710 4558
9089 6289
2860 2850
5104 3891
1515 2534
2757 2883
963 622
322 1757
287 1979
6897 51
6469 3833
6042 7205
6212 5418
4382 9470
2480 8441
9335 417
9523 9652
2440 720
2868 5910
1633 7623
104 5699
8136 6783
399 8473
5445 9695
1863 1490
2513 809
1139 7407
2227 8482
4770 1837
185 8976
7950 1964
4286 9002
1214 3762
9479 9484
7201 1352
6291 9607
4387 7714
5007 1425
4475 6086
9859 497
473 2949
9861 763
8275 190
8464 3522
5775 5217
1587 1795
8458 9827
1395 5659
8290 2086
3604 4592
7020 182
1172 3285
9062 1170
2841 5668
6100 4854
8054 3057
6619 2433
6485 6103
8580 2142
7734 5505
3509 51
9333 200
150 32
5134 2012
8233 3201
2372 764
5684 6721
8348 5907
2605 2812
9222 4349
2968 8373
3546 3117
3893 7348
4288 8111
4834 2718
1167 1277
936 8321
3267 5475
6048 8459
4942 9557
6738 6543
7155 608
1436 1583
3432 4112
5484 691
5948 5237
5287 4742
868 6013
350 9107
6895 9183
4052 8953
6736 9267
1182 7471
7533 9098
1022 2850
6703 6913
1973 256
8125 1560
7937 6464
5560 2120
7753 9575
1424 387
5926 1727
1234 1139
8109 9017
6531 592
7646 8663
856 5259
3936 3059
271 9928
740 8019
365 9973
8030 7640
2627 1600
9421 8072
5538 595
3251 3145
9556 3623
3115 9547
3326 3518
4100 3449
4508 8339
8745 7446
6550 3297
8263 9541
7102 735
5752 1459
9114 2757
14 7585
9185 7425
1564 691
4585 7596
307 2821
6634 8329
709 1244
2827 7343
3600 2079
7730 7347
9376 6041
8581 9032
2437 9987
5452 1760
4889 539
915 1633
774 6548
9145 3409
8595 6529
4532 3706
8347 9734
4679 2557
309 8688
7135 1566
2652 3611
1589 5030
2545 5391
7739 4383
9218 7276
5281 8273
6299 971
3632 3727
4280 2605
4089 1293
9379 5395
570 537
6297 8366
1005 6282
5021 2518
7919 5898
8247 5962
5707 5752
9742 2276
5444 1764
3365 757
3121 1940
5690 8043
5855 7657
5200 9639
4530 3392
1387 7137
3139 5236
2258 9690
4360 4743
2255 6643
1753 6885
6751 5251
9467 5361
326 223
2044 9663
7553 3127
2102 930
3147 2691
7521 4045
9180 6324
7649 7981
8582 945
3329 9889
6861 796
3749 129
9310 3418
726 5501
5581 2224
5092 2109
1665 4098
9983 6639
5388 194
1120 2379
6030 8548
1428 6861
8996 8212
4237 3790
1943 1912
1736 3534
3239 461
5585 3818
9647 6506
4752 667
6088 402
8741 9298
111 7185
558 4043
3746 9490
5326 2068
9168 7079
5023 3728
7973 4079
2816 7760
2007 879
8750 9738
3247 1565
6650 8938
6568 3582
5057 2997
1249 2982
354 7429
3182 1031
5367 7942
8510 821
274 3509
504 7293
9329 8704
7711 8336
9354 3734
2426 1425
5959 30
1562 3609
7139 6212
2636 4036
5985 382
25 6633
1150 7107
6824 145
8186 8680
2761 2564
9708 7502
7763 3145
8071 7518
2536 2537
2013 3905
1576 6841
1719 8063
1332 3034
6763 1149
2489 6650
4401 3902
5917 1847
9374 8265
1109 5265
9283 3701
9848 5524
6125 2112
8939 8317
2723 6634
2517 1603
6065 1390
9927 434
5004 8541
7458 8296
1089 8580
8801 7479
2144 3705
2362 4103
9527 6944
7670 8873
9890 5583
7611 2241
9530 9818
5499 5148
3128 8544
3271 962
5525 2804
3216 2164
8746 3329
6561 8739
7860 8918
4206 9850
1309 7397
4875 1202
5564 234
6678 9532
8986 1150
8294 6955
6849 9230
2391 8716
7826 2085
7426 8019
9095 763
6842 9957
219 3288
1422 6575
7667 5932
8224 5257
2285 3267
7404 75
5667 5189
5152 2838
3785 6291
5433 2205
303 4599
3688 2458
8669 2437
9773 4581
5774 8426
1929 1979
5051 6503
9755 5803
568 2641
2565 4382
2348 9591
2702 7778
2681 1870
228 3049
1475 6866
959 2871
7000 195
1373 8826
1081 3403
4807 8707
8041 3796
6625 1933
8058 832
9338 4365
7872 4532
2941 2195
8634 2176
1338 9283
427 2658
5951 4696
4646 9266
8389 9201
6772 4103
9688 8225
6744 9491
4328 8030
4822 7395
97 4726
3715 9557
8292 9728
8648 1615
1631 9550
5046 5735
5480 2499
7255 7715
6396 584
4468 5534
8611 7440
9312 3731
4649 2677
2978 9399
9716 7766
3491 5502
955 6304
1166 5714
1351 233
7314 7201
7262 6910
1266 2405
1051 1402
4685 25
2411 1967
8980 8873
4245 1956
3077 6846
2887 8763
6374 8739
3829 8821
6679 1801
9661 7951
1704 840
1488 3113
8621 5685
9081 4263
1970 381
6330 4884
3877 3434
6366 157
7725 987
4162 9019
6637 5848
7077 9880
1201 4706
5111 99
7287 7577
3130 3152
2298 2933
8500 6829
6492 134
6344 5798
4766 6114
5222 1576
4750 7804
4617 3663
686 6348
5802 9865
2417 1295
3245 2388
3840 3725
2148 7640
2468 8382
7263 5406
3478 268
4446 6734
9038 5281
823 9465
7845 9710
5125 6129
2977 424
3413 9662
6917 3034
3008 5557
589 2247
884 5023
1730 4410
7699 5731
1938 1418
2363 5300
3412 6352
7403 7766
5011 5384
822 6478
2061 9375
6326 6914
2736 6015
6982 3329
3126 3665
7742 1529
4 27
6809 2625
3812 6585
2601 1925
7193 7224
2992 3541
7302 4873
1797 9850
8161 3178
7402 5591
7773 7840
9137 3115
8037 1547
6848 3509
6058 465
3494 5786
4017 6742
6057 4119
3985 1601
680 4824
3463 6459
3843 2717
1799 8339
8678 2542
7146 1235
2656 8838
4009 8508
4693 7143
5586 6941
2497 8621
7952 2727
2889 5464
3118 6110
3441 4680
4539 7810
6267 8467
6113 1496
8574 2228
9196 1140
2858 9790
4291 5831
4704 9587
334 2836
9537 8819
2019 513
1705 86
3683 5616
2820 7503
4929 5232
5230 4034
8002 925
1609 3411
1104 4726
3557 7319
9625 5722
7055 19
5972 4475
206 7382
3795 6446
3249 5983
8552 8461
1786 1373
8399 243
6010 823
7873 3651
2550 9815
845 4163
6594 3364
1746 8707
8629 9510
7438 6516
9064 1138
5704 415
9521 2576
1953 9628
9457 9905
5402 8426
2408 1943
1282 1384
550 4547
6083 5239
5720 7860
6538 1575
8374 3297
47 807
9460 8587
211 9996
8655 1423
184 5869
8153 7612
8569 6781
9727 8189
5364 3152
2634 9820
4991 5098
3602 1665
7207 4830
7668 8543
7798 6283
6907 3249
4087 3500
8944 4316
1047 8877
2342 9568
3996 2569
3253 6711
108 2469
5365 721
1018 5538
4586 5817
5733 1709
1738 8697
9087 4849
2555 7984
7256 9710
3655 1575
267 5780
5457 3740
6059 6233
5935 9243
135 9030
9440 9305
9693 4509
5872 9986
7854 2644
5348 7186
2225 699
7062 1059
5333 5245
2839 9479
9578 3713
1416 9013
5984 8534
6421 1066
865 7846
3430 7091
5337 4029
3273 4393
2091 4118
1620 4110
9315 7873
2443 588
1952 4028
6717 9741
7776 7599
6254 5525
6549 2039
4239 8105
3005 832
6043 2532
5638 7262
1602 1713
8695 4732
6049 4316
6987 8229
4995 8482
1318 2091
4246 745
391 2793
5315 3516
8491 4963
8535 7349
9054 5451
6463 2180
1519 3697
5885 7786
2472 5230
2657 7628
5163 467
2762 764
2319 5950
3871 3954
3311 4293
8566 6818
4105 2569
116 5530
7484 8918
506 8864
1630 4249
8108 4263
9296 7917
8166 9900
4449 5502
2299 9684
1932 5173
3527 9326
5249 3570
5956 5798
8303 3412
310 8296
6618 5810
3344 2969
5090 8933
8089 671
7619 6839
1805 5191
5447 6010
557 9428
345 470
3243 851
6847 8874
7309 7554
8356 8337
7132 1139
487 4247
82 1390
9006 4934
3579 4169
862 9193
9115 5336
5107 1913
6766 4938
864 9295
3093 7207
2138 3902
4227 8664
8151 2331
5992 7624
2307 2207
8945 6593
1961 6103
7380 8575
6389 2736
4513 647
7217 9985
7856 6067
4342 7223
7373 1271
4760 930
9946 8157
7523 7753
9567 2019
3642 2853
4347 8921
4923 2666
5175 5806
7189 5189
1393 9034
277 9354
4755 3757
8210 8287
7406 4055
5263 8246
1439 315
9417 1457
6792 608
1115 7570
3377 2132
4327 8092
76 842
2591 1793
4167 6047
3016 6288
209 4436
8505 7245
6985 7223
960 811
7242 8353
8812 4113
4455 1551
782 621
1546 5558
4257 1432
3987 8305
5911 1473
4210 2778
7581 7401
1597 7062
7175 2713
3548 361
7724 840
9250 9774
4180 1551
8256 5566
5033 5919
1034 9520
7389 621
186 8009
9619 7178
7106 2634
7310 8104
8599 4923
6770 3642
7705 5281
5112 764
9891 386
3304 3234
9494 8678
3834 8335
3586 6441
7219 1896
4144 8420
2859 3593
1017 1367
1623 8348
9949 2433
9202 8171
6773 3434
9867 206
3974 9354
4956 5382
6929 3648
1330 7414
6573 1714
4748 3106
3352 7197
7592 6602
6370 5135
9122 7321
9284 286
1813 9881
1593 6049
131 9867
3856 8373
3847 7390
1650 5560
9386 7325
3517 7803
125 9193
943 3519
359 6910
5769 6898
5449 449
2878 3678
6867 6249
3729 6888
1242 6330
8568 8201
6830 3387
1649 5759
2582 4257
2760 5581
4957 5988
6928 2677
7910 1143
5864 6135
888 2620
3171 6926
203 8763
7301 110
343 3154
1879 9909
4756 7970
3596 9973
4149 6852
9787 260
1094 9615
1828 8319
7006 740
5929 818
9149 7902
5794 7167
2651 9616
3354 6671
4601 8500
5858 7159
1100 4006
9594 2426
5155 3279
4552 8653
8156 8761
8911 7889
5662 3775
1362 3491
5291 6502
6243 7917
2910 533
7978 528
3335 3280
7296 7859
891 2980
7116 9301
9134 4956
8958 7453
6465 423
7841 1596
5210 2265
1963 9283
7149 678
2602 995
3763 9859
6118 9796
6899 876
8624 9497
9903 6296
6884 5304
1211 6633
4336 2834
5867 2601
8493 6594
2052 8941
193 2185
997 8508
6857 7302
7259 8386
6487 7038
6508 5105
4220 7428
6708 9036
7571 307
3563 3202
895 8464
3653 2503
6797 3000
6922 2432
5225 3016
7340 7202
8163 7063
7083 8414
2117 6084
3850 9306
6104 8260
3029 6227
5507 8566
9025 7303
3533 8966
4802 963
7933 3545
8097 67
9188 1022
5404 6161
1008 6561
5893 7434
510 9774
4425 8121
7629 5072
4556 8203
1296 7446
4994 4241
5909 2702
5691 1884
3052 8739
9324 9625
7450 2627
9223 8732
360 8976
3530 411
7100 971
5296 108
9562 1692
4166 6884
4181 5374
6651 5789
3433 6690
1107 8741
5467 1205
7475 1925
4015 5557
1060 6926
4952 5674
5401 9470
3575 9596
8781 4923
8221 80
3221 8674
2990 5352
5706 4341
1745 4082
8345 8002
6312 8475
1672 5972
8734 9430
1857 8769
5762 7247
2864 6447
9754 1352
836 4457
3684 9766
534 4144
922 9596
9085 8276
2923 6013
3481 6064
3679 5887
3540 9906
1106 7165
9113 3130
1055 4931
7033 84
1355 3814
2150 7100
3231 3291
762 8278
1442 4538
8882 6163
1044 8262
3956 1201
5377 5910
485 3703
6027 7976
9434 5076
858 8757
7141 2172
5010 3412
8488 3382
2942 431
5252 4531
4622 516
3724 5048
7887 4946
742 3728
3851 2192
1747 5873
4090 5947
1555 4953
8673 8480
3166 6846
2188 8040
5437 588
9659 7705
2814 4486
3214 9014
4650 2780
7882 6582
6942 7135
1624 6251
8875 6822
8169 1565
1537 1740
351 1292
5167 205
5400 4180
4108 1447
4501 2752
7600 1143
966 5189
536 1361
7967 3737
7729 7668
9244 3802
5398 4043
5327 1050
1317 2978
8712 8304
6621 1944
9841 2415
6095 3837
3088 3729
615 9909
5902 535
7586 9177
7031 8612
9140 7760
4367 5259
4039 6495
4668 8343
9297 3615
4774 6152
2682 4920
7635 6958
9441 3230
758 3486
2322 1423
4276 9416
4311 4459
2140 5028
8088 3935
5657 6024
7890 3782
9873 7649
7461 8579
4016 7042
6372 2618
270 3694
6526 2941
2541 8275
4320 8573
8687 8433
7357 5829
547 7504
7014 115
9362 7245
4733 5069
4660 575
2487 29
8232 3361
3813 2358
1070 4282
7410 5033
756 5657
5875 5654
7787 1141
5880 7691
1522 9801
3689 6098
8842 2718
2745 9464
3510 3375
2533 5629
620 7019
7617 1851
1645 3320
2861 6304
6836 4364
7142 6286
4185 939
7540 8051
625 9
892 506
4525 1299
696 9761
5372 6577
9602 4517
2708 3154
2478 7691
672 9115
4798 6928
9450 9986
7569 9136
1975 9698
2135 4247
1993 641
9631 200
9816 1369
8740 9083
2525 3520
2694 6831
5423 9196
5717 7373
2481 2469
8811 3284
6239 8517
7537 9495
1186 8009
7486 7840
3970 7824
4577 1953
1259 9709
2455 7570
6280 7429
2698 2860
5062 6508
5156 796
3184 9202
4421 7908
5994 1432
3149 3442
128 9625
5695 1721
8907 1826
5835 5762
462 4310
5436 6875
6401 4335
1948 2079
1396 1463
9959 9167
3862 2036
7497 2117
2725 2591
8844 7069
4290 3401
4959 195
1316 5144
3179 5724
8289 3412
4806 4455
4843 2203
8827 4965
2764 53
6072 485
8387 5011
517 9922
4672 7635
4109 9317
375 3594
4403 2902
1048 316
2121 7038
7482 5619
9258 851
7412 6620
8402 8491
9395 4841
723 4675
4136 1915
9835 1201
8754 8026
8295 4971
4088 6718
2215 6897
6673 6894
5967 8338
6608 7706
6221 2702
1890 3945
5375 7974
6234 8055
532 3356
7909 1170
8062 9241
7733 4415
5288 2350
2921 4679
3493 5800
4842 485
1429 3724
7392 7396
2927 2054
1941 3521
490 4072
3607 8508
5758 8564
1679 9926
3096 5336
9920 644
8455 4967
1820 693
6241 6866
9275 1916
675 7224
6732 2933
2423 2982
7346 7646
861 5453
6676 7736
5070 5149
1218 5093
9108 9300
2347 2458
2159 2375
6993 1385
8415 1961
2986 646
4212 7340
2459 5838
7954 4620
697 5029
1728 9714
582 8466
2664 7897
7676 2347
7326 9298
1433 3857
8311 5558
2335 5983
6016 3806
70 5046
3058 1
926 6147
6277 6463
8820 6184
6530 2310
6973 8226
4767 9796
8149 5813
1544 2691
8472 6361
9161 3519
4619 6797
1079 5252
1204 5450
1758 3176
9481 7703
3140 1362
3565 2744
627 1114
8390 4322
5027 3126
4297 8820
7941 4167
7198 1597
4186 3000
6735 6170
2011 768
3168 6982
7431 5292
407 8107
9981 9046
551 9232
6259 3590
8929 257
2769 7175
3662 6572
650 887
7281 6114
2585 8348
3503 4378
8846 6547
8028 2605
1819 4040
9901 4669
4165 8926
3906 5845
9259 7555
5819 1142
8516 7339
7480 6335
2075 8855
1310 1943
7037 6986
7727 6776
3901 3454
8783 3886
294 4888
9744 7269
7341 2625
4982 1892
6812 3488
3446 2405
8784 3086
7463 4244
759 8998
8977 3548
3045 9622
1971 4601
4491 4053
2424 8734
5697 715
3313 3543
7675 8331
3854 6157
2218 6970
2414 2294
5928 8123
1148 643
9045 2100
4307 920
9482 5800
5020 5873
7989 8336
3327 9373
7327 1915
8481 6075
1706 5522
7439 3111
8309 5789
1696 5501
9454 8351
4133 9967
5532 5196
7701 5724
3393 9527
2043 1844
8427 6330
371 1060
5012 2152
8365 2942
6825 6674
4122 8362
9235 3519
2373 3684
9216 5331
9685 5083
9649 8390
8715 9502
3641 622
6107 1313
6429 8382
4787 9445
6387 4128
5547 6855
8316 1437
7398 6100
4966 5423
41 5134
8447 5711
2074 5433
8868 7223
8861 7314
1962 4235
7767 8532
4899 351
972 8500
7894 2995
5750 1692
4427 399
9424 2694
6400 3246
3618 1457
7024 7755
730 9655
1275 1769
8004 7954
8771 9486
7795 8318
2888 6922
1268 625
8084 6730
555 2083
1356 6546
6189 2176
7783 8561
8407 9815
1164 7186
7708 2821
6597 1060
8307 2640
2707 1890
7492 9366
422 5731
9630 6244
8894 233
7376 1324
2356 4197
9840 4866
6956 5850
4304 1887
4138 754
6320 228
2848 7468
77 4238
6434 4955
2233 6741
8916 7590
844 4091
8670 6464
5039 3113
5162 9815
5600 5327
5785 5731
2840 2174
4764 8784
5354 5444
2302 6127
4362 5252
5899 77
8113 1414
4302 2079
6896 7675
1997 7347
4676 592
1404 6639
4035 9032
9522 2625
5916 6511
683 6914
1137 9840
6281 4316
3768 4317
3692 2975
3853 3271
3083 8061
5847 7696
4579 6016
8115 2969
8495 1447
4546 5554
1093 7178
9979 5652
2009 9488
5796 3694
5734 3201
8853 6291
9380 1407
7073 5818
6038 2654
1225 1205
3031 9873
9204 5402
8657 8730
4969 9177
1909 9026
8341 3477
3019 5375
5091 1842
869 5634
8829 936
5615 5037
1041 3320
5888 5468
3924 5439
7089 8303
7101 4440
6116 1611
5198 5332
1052 2142
5895 430
4919 9306
2281 2656
905 5144
3934 5681
3781 5942
3103 4967
1344 2086
1875 4637
3425 4985
4910 3902
5792 7107
4609 4008
2027 5819
554 4
7907 158
6712 5437
3141 6858
3002 4344
463 4079
7248 6951
515 1894
6363 7569
7686 2394
7087 9469
2697 8790
3074 133
666 7978
4373 3464
9739 4959
2253 8356
8014 9740
7494 5388
1123 4985
4837 9640
8280 7955
2559 9464
5890 2953
9192 8687
4061 6128
7333 9948
1729 1546
5321 2545
3595 1600
2149 9805
2189 6234
3208 4290
984 8976
8217 1611
9778 3244
7825 2012
977 500
514 7822
3755 8559
4989 9393
8421 1885
9886 3540
5744 2570
4779 7463
8922 1249
2434 5794
198 9815
3073 4906
2901 3744
6983 5930
9507 814
7634 4746
670 5388
9082 7233
9199 3204
1083 4848
5277 5429
5405 7575
1394 2996
831 3887
2551 2569
6357 3970
5763 6988
1370 8378
4260 386
4828 5858
3188 9805
7674 6526
2938 1628
2030 5801
1087 2287
9997 1628
4901 9670
2675 4800
3018 937
1698 2629
3501 6662
6720 9120
9029 8255
118 7295
7633 2672
474 2061
6794 9088
2553 9179
6069 4955
3210 3344
1853 6562
1306 1844
5931 5530
3800 7318
6 442
9736 7042
293 5806
5486 294
7065 7475
5832 1852
7208 8069
9309 4991
8863 9957
2896 5421
2364 619
9350 868
4983 6625
5696 3179
2126 5586
60 1052
7959 7136
7274 7255
452 5122
1822 3441
1872 6298
3959 8194
6356 4298
8818 8385
1267 2456
9883 3822
4831 4471
1825 7301
6764 2054
6553 98
9961 2194
1130 8129
5312 195
8723 6094
8060 690
9268 7000
5276 2368
6132 8443
9600 8469
1637 6707
451 5236
4155 5516
61 134
8540 3118
7104 7463
1002 3980
4142 8289
188 895
321 1767
4961 4513
1527 8707
5713 6469
2254 5893
9914 8733
9968 1484
8972 6912
2055 9684
2929 1235
5128 4507
859 6957
1895 864
2530 3018
8578 9950
2782 6361
4003 60
1513 3567
932 669
2987 7882
8865 7783
3435 2695
6473 9488
4664 1730
3961 1436
3370 4067
4796 6913
2683 391
9287 4304
5700 913
8059 3174
7758 9490
4229 4930
692 2968
8749 1512
900 7031
8699 5351
6224 7212
1911 77
435 8459
6341 7866
6698 4860
2635 9070
7550 4165
6293 330
7888 9056
4811 6530
5676 489
8507 3449
6962 1544
5363 2467
8883 7513
2743 188
2926 7685
2909 1956
2114 1905
6472 8009
3852 1373
8049 6577
1476 7981
6724 9725
3282 7315
1694 8723
6006 3432
5102 756
2900 5995
1146 7674
5164 3031
1809 4493
3358 7518
117 491
4094 7847
2397 657
3990 9735
4652 1444
405 3637
341 3527
1389 9060
7572 9680
3957 6296
8479 5017
8483 3411
785 7014
2768 6655
5804 2525
1237 8088
6476 2716
7292 7000
7723 2669
5651 2337
1871 9934
9412 7676
8698 9941
7226 920
9553 7902
4398 1478
4073 1235
6420 8534
3592 2158
867 5771
8538 3092
1634 5446
5250 4818
4075 4986
8960 5176
8237 5542
6338 7033
8979 5105
9020 5824
8955 9243
8082 8121
2401 4360
4111 4437
5999 463
6470 8312
6882 4560
9150 8208
1652 1314
4408 4686
8437 6829
9940 356
4414 7853
1689 391
8700 4132
6190 982
4152 6135
1578 6438
232 3377
9864 9207
6701 2565
8609 9725
7334 8739
2327 8382
7469 7518
8119 3961
5286 2924
2454 1275
6551 2453
3444 5931
8148 1845
4050 1961
682 6334
159 2516
9472 4768
5428 8220
8584 8334
2592 8409
8995 5671
4593 491
4825 1678
1906 561
8667 1064
8685 9849
2240 3282
3966 1689
6513 5418
8539 1
9009 9030
7547 6984
9970 5347
2754 4915
8600 3253
3277 1293
7331 3563
3064 9737
3823 9771
7378 4750
3528 7139
3718 8863
9189 6582
3269 1801
2476 9250
9613 3935
5214 5743
6167 4962
2286 1186
8729 9395
8487 203
8456 2510
4610 796
48 6312
873 2298
7653 5783
3345 4863
6092 8863
9121 3932
9093 7872
9141 2140
4014 5329
1977 792
8719 3531
1366 7902
638 7993
8003 757
7213 7382
5529 9435
3904 496
6533 135
3550 9996
7622 3204
3674 252
579 2938
9554 6100
3673 4818
8007 9511
806 3561
4308 7971
652 1285
2202 5666
1695 7534
9942 9377
8591 5079
4143 3091
5041 2423
4359 832
8644 1000
6383 5918
5964 9243
9958 9196
1782 8463
3023 2704
4735 6676
3366 6730
9573 7682
819 7909
2051 3564
2229 6249
4974 7440
2689 1432
1773 5209
2562 7208
875 5617
9719 1344
2106 8121
1733 6439
8942 7355
8139 8316
5238 4808
1305 1575
9518 6692
5986 2760
8144 9616
7350 780
4456 2605
1594 6293
7036 6956
7387 5280
57 7993
1198 9531
5939 5524
8720 4898
4880 5367
6108 7079
3254 4950
3555 2306
8364 4535
2447 2055
8432 2654
7579 3955
4271 8593
1848 8574
7374 973
8204 5352
6173 6171
2317 442
2231 3745
6008 6516
1726 5738
4030 3020
4232 2901
6814 125
9629 2147
299 1150
63 3501
725 3295
2104 6409
1516 713
275 5909
4020 6318
5815 8880
7931 4810
531 5010
3710 5655
505 649
432 5315
7194 4343
8845 2636
4673 6489
940 3182
4024 8903
9382 8751
2324 3913
2221 5864
5474 5007
4199 6653
8131 398
9489 5928
6963 1085
1174 1782
3927 4162
2488 9160
5269 1129
7133 3875
1415 2271
6501 5079
5663 5192
3542 1141
9524 904
5825 1225
5764 3556
483 6515
8267 3284
6761 219
2490 8419
5965 935
6218 5774
9238 1217
777 4928
4381 2952
7744 1645
7092 2021
3559 1415
425 4800
1832 3579
5390 6874
4943 8389
7170 8005
9041 5201
4644 9734
191 1756
4503 2753
7323 467
5018 9032
5074 9808
6074 2004
5646 5970
1792 487
4444 9686
2470 3607
2118 5241
2511 2405
7236 7549
8176 6856
7066 5435
609 4317
1590 7100
2245 3344
8815 4085
6641 2228
7015 2985
6165 6848
2139 3586
1814 6462
2134 4785
35 4118
1946 8816
2588 1612
1998 5091
6714 6955
6195 5958
1700 1295
4533 3894
2701 9038
5901 6884
968 8285
3098 6361
6813 1915
9471 7572
2328 1136
2539 1669
6864 6457
3032 4235
3879 5792
8118 4873
6270 8122
337 9434
3591 4668
409 1903
8086 8598
8590 4008
7713 7811
302 5690
2422 2894
9650 4016
93 7250
3050 6312
5243 7339
2826 7130
8684 6699
1215 2537
9153 2853
1216 2537
4876 7433
9634 2075
6111 809
9746 2990
1349 7075
9159 8033
4893 7069
3569 7037
5751 3029
5335 8979
2734 6564
7835 601
3910 4967
8679 5687
3452 9333
5669 8265
5826 5802
7650 1428
1830 6088
6532 7599
3065 5994
9208 376
8070 5079
1363 9596
4616 935
2670 5754
6036 3325
1101 3139
2272 5409
5528 2067
1810 6447
2136 9808
9544 7526
3733 4841
3072 2120
7451 1717
4428 5511
1690 4867
1471 2313
3180 5064
8849 6591
6681 6860
8563 1213
2823 2331
426 8972
7338 8330
5345 7395
6021 3899
6959 3329
2810 1631
2584 4454
3324 9246
1625 873
6112 550
9069 6518
4483 2763
9444 8893
2767 3330
6130 8591
7651 531
8264 7799
6709 3985
9776 676
1118 1609
5808 8887
4350 2017
1260 5453
9158 9222
1572 190
3144 6255
6037 444
4179 8534
8961 9867
3911 9754
4606 6059
9648 3614
7400 3012
7187 8455
9674 7739
6638 7883
1889 8091
5506 8071
9164 792
6040 2331
437 6805
4587 1457
8785 9652
2161 2776
3997 3646
3589 602
335 7463
9768 3556
3439 9691
7631 2276
8890 9655
8770 8824
7017 6227
5647 9009
7047 1106
7731 1630
4127 3974
8928 5652
711 6778
4607 858
1069 1333
8835 9158
4790 2858
5523 5104
1816 7414
4626 2175
6085 490
4502 5218
1823 5948
5478 9399
9975 1465
4171 3440
6350 4963
6407 2061
3148 3234
4431 9243
3751 962
1454 5276
6260 1600
7672 4194
4226 4572
3863 9184
6442 1916
8711 2856
3087 4601
91 1432
5698 6090
3973 1898
1019 6608
1924 5728
2587 7349
8332 9606
9240 9407
4835 3088
593 6288
3988 1669
6733 7755
5026 8629
7216 6541
4447 9399
9186 7337
7806 6293
7230 3160
8159 5451
3306 2858
7642 5433
5233 9686
3205 9017
9175 6695
5456 8635
5857 7095
7108 5557
9966 1224
6883 419
7719 6730
8817 6925
6122 7206
7427 4662
1025 2949
3526 942
1111 3282
3024 1237
8622 2373
8967 8144
1168 1031
3015 432
5077 1459
4568 721
163 5329
2813 8921
2154 422
7791 1230
4926 3160
3832 3232
2579 646
4031 5511
3190 405
5934 9066
7105 1107
7252 6547
4234 1
5492 9030
576 397
9477 5215
1011 7770
4937 3392
7011 268
4069 4180
3222 3330
3578 2836
9340 4767
2598 7767
9334 3667
1951 6047
1860 3070
797 5617
7939 2248
81 7429
179 4386
4012 2120
3030 6699
7558 8902
9269 3176
1732 8305
5553 3083
8613 9809
5054 7653
3468 4757
5140 7345
1897 1698
4424 2228
673 6352
4979 6156
2484 1732
284 8285
934 555
5575 2270
1073 8769
2041 5749
6998 3260
7743 1219
5338 4626
2336 1719
9972 2557
511 9790
7320 8277
9564 6490
5318 7247
9035 9177
6351 7938
3312 8251
1127 6896
4214 9967
4529 2765
297 3426
9751 2985
5614 1299
1716 1942
3136 2315
364 2474
4769 2843
9431 8903
2374 2388
5649 9450
50 1252
523 3028
7366 8800
8429 6500
39 8495
1261 4775
4466 926
3991 627
6684 1068
7211 9403
6691 2147
4883 4755
1105 8215
6642 2969
6723 7715
2917 4335
1412 2656
7289 979
2971 9351
7057 1560
9209 2785
2988 7797
8782 8433
7430 2125
2811 8043
1498 7337
6780 2728
2257 9060
6560 3725
7748 2750
5094 6288
7160 1283
2492 1706
8985 4335
9800 5201
5342 3648
5419 5967
2886 4524
6556 9338
714 886
6308 1783
7286 7734
6213 7602
7582 4580
1440 1186
552 7710
241 6548
54 5287
6194 795
4495 8266
7680 7972
4653 2651
8546 3592
9993 4362
9644 1409
6196 2183
5968 6695
1468 2810
6835 9459
7911 9161
2260 5657
3783 8612
7560 7759
4976 7323
5608 1738
7271 9700
3039 6510
6052 9086
6891 8941
1920 7968
1006 6006
9884 4819
7694 1175
3972 2369
2994 7216
9166 2688
6034 8386
4740 7332
4518 9092
3047 4995
8724 3596
2323 5418
7912 6439
3866 622
5892 7912
9677 7343
2037 5298
5349 3682
8870 4244
1238 3579
4960 6008
9832 3174
6256 9302
5884 8465
9953 293
1434 488
3627 7685
4597 4321
172 7783
1790 3811
9844 6955
8242 8382
9190 316
1508 7012
1968 3602
6148 3684
8223 7212
6595 5213
6248 310
3490 4058
8867 4740
9330 1355
586 4542
329 3603
628 8226
6519 3469
9907 7696
3620 1349
788 7285
2567 6922
9599 2357
4763 4066
8631 6502
1058 99
9022 6108
6066 9934
262 3542
668 577
1206 4893
8398 6891
7150 6955
2671 9921
3666 7730
5397 228
9080 4622
1028 747
3451 3898
7769 4793
7352 3344
68 9456
3038 3533
5316 917
2162 6903
6578 8365
6222 8157
6558 3044
9353 8864
1279 1920
5878 5835
6624 1912
5500 2768
4345 9921
1739 7908
1618 3063
1803 8817
6904 2315
1922 1426
8675 8846
9162 9862
4695 8006
8789 9441
4081 7442
7906 9681
6844 3733
9976 1125
8288 1704
2505 4799
4289 5935
4324 5690
1653 2160
4747 5510
6471 8763
8876 8442
89 1081
4325 7776
2690 1283
6920 5847
2526 1222
527 6549
3035 9366
9133 1629
6665 3331
953 4994
8024 930
3700 2790
5606 7633
9047 9563
6346 8903
4256 9323
7123 2677
202 3660
9105 8469
519 5655
4005 5817
3151 8500
2631 4824
7844 6286
3873 4808
1521 6838
5279 6722
3562 4904
898 4337
9885 9035
501 3178
3939 3349
2719 6171
3650 8444
3090 7564
994 9922
6918 1897
770 1039
1930 5070
2852 2848
6521 5452
2066 5522
8742 3008
8614 1068
1497 9996
9706 8555
3475 6772
8489 4652
9198 556
5114 1814
5294 9497
109 7186
8518 5775
2680 2041
5275 4792
7419 4571
6380 7293
7489 5764
7415 7794
4156 5223
1935 6744
3890 2613
5546 3731
3338 4799
1251 4722
4857 1542
7927 2757
6482 6641
1458 3154
2912 7739
4817 4197
9721 7380
2242 4825
6468 1352
6360 5447
4213 4657
2216 1799
6632 9816
8981 7442
9420 9517
3427 6078
5555 5841
702 8290
7312 2467
370 1123
7022 8459
9213 2188
4939 1100
7878 6108
8530 9301
2198 8621
3120 7414
3900 4263
1410 3330
7384 1589
1635 3887
8512 5881
9757 2868
8393 1289
8268 1540
6014 9567
9169 2085
36 2027
7531 1454
4498 9386
5001 6712
8632 4445
7988 1582
1550 8165
2854 4466
5589 8740
1398 695
8725 9290
9048 1555
2710 9634
8681 9062
9003 162
8340 6640
5220 9870
1049 1116
951 3326
2366 4309
7018 7703
9321 8806
31 8434
7855 5494
3322 1889
9743 8648
3538 1906
9627 6064
7746 5516
9682 4230
3333 2004
2798 8976
6587 1812
6737 9770
6428 5237
9747 3933
6025 3077
9705 8060
538 7547
8694 6815
956 1941
9701 1761
7807 531
9671 1049
218 9460
8650 1442
5235 4979
4683 9849
789 6508
1835 3932
2623 2258
1731 8317
8016 7451
1375 479
56 5011
3926 5723
7638 8108
1474 7972
3218 4089
8592 6718
5186 8778
580 1413
1256 9121
2431 8420
3207 8377
2797 2686
9197 5128
3380 8317
2033 3938
634 3000
6868 2843
4565 4196
4277 1564
6758 4994
3672 5524
6278 5342
1869 5276
9237 4915
4063 9727
6172 2339
9797 348
7683 1216
6155 7828
4891 1593
3702 3611
8652 1123
7447 4475
8713 7889
1616 9296
5594 8639
6900 3465
2296 8774
152 6161
3617 9350
7490 5458
5840 1547
1707 2912
8791 6785
2059 7919
336 9448
9148 4817
9911 4012
7506 8231
3257 8311
5548 2161
3867 3326
1372 131
5552 5467
436 33
6971 4100
502 7286
1003 9204
6760 9192
9181 4884
8245 1864
5159 3400
1492 8316
5541 4072
7148 9674
4070 1260
9588 2317
9894 4078
5424 5429
664 8111
4993 4542
8485 7500
9451 6463
3097 7300
4462 3297
9626 818
124 4045
8837 9106
1181 5096
1567 3249
1043 4376
5636 2833
9391 8606
2538 2345
8185 1696
3315 1932
4183 916
3209 8704
6580 2700
9692 9189
4980 7647
9539 3171
9546 2963
3355 532
5816 3617
2630 7123
6033 8133
525 4920
9779 7327
8396 2512
4711 4842
3094 9093
1504 7626
332 4959
7270 6872
2268 2787
8905 3633
8435 8203
603 6555
5003 4846
2931 7351
820 6024
8209 7202
5373 8415
4881 6366
5153 4376
4935 4663
7118 4029
5721 1142
1226 5375
5997 2405
9313 864
8372 4156
2684 8293
6339 7906
7181 6235
8438 7760
6672 901
8780 9731
6354 3837
8077 6641
7561 794
7567 41
9172 938
712 531
1200 1408
5708 4869
2876 1125
2911 3218
4570 294
6117 482
5576 3446
5533 5510
3099 8995
1831 4050
1099 8324
112 8438
7609 758
2884 8704
5793 652
6209 4943
4368 1212
9786 118
4048 211
3339 8371
9792 4617
6837 5110
8773 7684
6158 5566
6483 7313
6390 5164
6644 4938
5262 1825
4010 8076
226 641
6537 1694
7156 5962
9227 4048
3855 8845
4911 4999
2740 2196
3200 6588
6403 9020
6134 2068
3290 3680
6405 3606
4158 3049
3360 7617
347 2469
1486 4956
4301 2196
2549 5502
5454 8940
1374 2327
6119 8542
6200 311
2610 5934
2571 5050
4820 3474
6454 2429
6514 1799
9381 2315
7721 5800
5860 5079
8596 1647
827 7079
8954 1981
7900 2804
6402 9450
5323 1853
8647 7347
1662 399
9679 9250
5425 4182
5240 4974
1846 8252
4044 6135
1307 152
4890 1937
7372 8364
3332 3339
639 7358
6905 6115
4776 8535
7356 6976
3069 1915
7598 268
5701 4371
8651 2029
2087 1629
7436 6112
5469 8390
5868 5538
9419 1603
4605 3887
613 2163
3821 1942
2951 1631
1265 1433
4284 5469
6325 3518
9965 1225
7726 1127
5199 8261
7278 3335
6300 9646
5066 3816
4215 3600
3294 7393
581 3609
607 5738
7997 9550
5527 1569
7032 2407
6061 7719
5130 106
6137 3976
3217 4950
7016 5341
9826 8550
5625 8632
9586 8548
7761 552
5045 2901
9271 239
5385 2564
677 4226
6802 4419
8850 302
6774 7426
7819 2161
2795 6558
8577 6388
2392 1682
5305 6895
860 1874
6276 3600
3929 6775
8350 120
8523 8955
2249 7506
2842 986
196 1529
2599 3582
1563 3593
2742 9512
3914 5288
8872 5350
910 2570
3819 6276
1966 2109
6295 7996
4689 2315
1525 1267
2441 1611
1128 8150
1036 6678
2199 305
23 6758
8034 3476
9040 5442
8126 1018
3845 4284
6264 3564
6750 950
2187 4272
8567 8121
7673 9846
8190 1111
4635 3967
2674 5687
4885 1620
3080 6375
5184 201
7172 3328
4129 8725
5271 7587
6358 6883
3716 5863
6570 1593
3626 8483
6475 2359
6451 8833
8117 8333
4490 5613
1901 6283
8558 9626
8777 8493
7756 3120
5618 243
5747 4294
9839 8263
1270 2193
9319 5618
3496 2592
9404 8077
8361 9100
9822 653
2803 6077
7588 5456
4319 6882
9255 4063
2113 3301
4300 1421
9031 8590
9687 5287
8703 4132
9008 9431
6823 6249
4670 6672
1004 2423
5551 6354
9173 8995
1161 1566
3492 4889
6626 389
3507 1599
4749 4325
8137 1756
2385 5454
6670 727
7275 5715
4201 1694
7615 186
6870 7637
4411 4163
8898 647
460 5586
9998 2440
8291 9116
8527 4281
4728 5829
7781 8170
7059 2584
6039 5707
9057 9667
2578 3212
4826 9725
1243 3062
5624 1090
5005 5431
5936 7587
9396 5811
1882 8632
9969 6047
1859 234
2210 8035
6901 5699
9852 6010
4416 8801
7644 8765
21 6761
7839 6118
4697 4780
8375 6601
5042 6286
2955 7242
5455 182
2438 6200
7614 7588
705 2222
9314 882
9229 9483
9660 2916
3842 2037
9157 3275
8744 147
9119 6087
1687 1279
6342 9567
5207 2624
5689 3015
6329 3480
6313 1073
6629 1782
6613 6653
9012 8125
155 8215
6443 3644
3841 5001
2020 6235
8858 3271
7258 3557
3206 7581
6871 8235
7986 5048
9439 6805
1725 7392
5229 4750
4312 6214
9813 6854
3585 2654
9242 6286
4254 4376
3283 7902
9540 5720
9194 2490
769 6015
6680 2155
5795 9263
5154 8504
7050 8908
878 6669
8828 5666
1691 5295
5476 7061
1934 2
8368 1798
2191 1353
7023 8185
2603 8144
3395 587
2913 1537
8112 6297
4295 3954
216 2875
4025 1793
4900 5791
8406 7401
9638 3884
3305 8479
6947 5107
1939 3140
4534 2086
4840 4920
3830 7575
9962 420
7188 457
1785 3413
6287 1818
6430 6038
640 4448
3362 3058
9398 82
9988 1875
3274 2497
7949 2987
7520 89
2046 1630
2259 7690
4198 8150
88 3045
6176 387
9498 4706
9234 7233
5672 647
3652 4290
4625 2690
3964 8932
5284 2348
9176 3366
1750 7345
7831 8929
1876 4960
8885 7713
3770 7864
7184 1383
2699 6260
1312 4750
2050 6360
6569 4276
9989 3769
207 4510
3808 9909
4453 1767
2439 682
1009 8173
2165 9351
3398 6157
7128 7478
7664 1525
3815 8979
2777 5899
7924 2130
5563 9690
7857 9950
544 7293
65 3554
8721 670
7946 910
4228 3184
9138 3213
9896 6283
5270 9556
1806 8187
3930 3130
459 5624
688 9179
8031 8816
1462 6990
7152 5317
9724 3890
5307 7664
8490 117
2918 1572
2648 7647
8727 3906
4134 3313
4283 9034
8195 4846
64 5197
8440 2715
9552 3763
7836 4175
1489 9062
8085 5972
8142 2734
6201 7621
6051 1589
8570 5337
8708 304
9971 3800
990 5208
83 2265
4038 8297
2300 287
5716 658
4816 5406
4850 6065
5592 356
6557 2242
101 8232
6919 1906
4001 9320
2238 3067
4651 2563
3803 5928
7935 3121
4452 6089
766 6299
3839 53
7601 8333
9733 1230
8354 471
618 1161
3861 9122
5809 8866
1959 3207
2593 4733
7679 2644
5766 5813
2544 8427
3376 5498
4713 6298
626 3775
5185 1608
1208 1769
8416 725
2295 6136
6121 6107
4125 8827
2522 9555
7477 4293
7509 8467
8388 562
597 1073
9233 2765
2308 5548
8418 7229
5193 954
8753 4361
1974 5399
4092 9404
5466 449
4488 9076
9833 2952
1613 3960
6225 3446
1487 7734
6246 2266
4243 2688
2321 1245
7904 726
2367 1692
1371 2351
8141 8485
3639 3135
3397 1785
9432 2903
3 9651
5330 1255
3704 3903
3317 8225
2944 3025
1904 8866
4638 6970
2676 9573
6192 2112
4323 1975
8834 1717
5748 3269
9214 9201
2168 1837
4145 9189
3883 8778
7716 8374
871 9514
9365 3643
3870 8333
5953 6642
4205 4383
6752 2823
7234 673
6185 8624
4645 3070
2621 836
7606 7986
1866 9531
2056 9499
9299 6910
3272 626
5190 6748
9099 8530
9071 2388
7096 1104
1862 9947
8240 6013
2844 9979
2937 5798
3350 678
4389 2046
7980 7099
897 5549
9782 914
279 2321
7422 3491
8474 6608
4553 5336
9838 5766
1228 7547
4700 2564
1770 5816
6216 811
266 3141
323 4979
1110 3221
4872 4228
6504 1515
5894 504
5460 6227
2515 3718
3197 8186
9533 7725
9078 7673
6433 9499
3041 858
4698 4013
9767 3497
7029 9919
3270 6573
2223 5523
4632 8125
4004 9430
78 8694
2352 2215
9715 8523
9361 4011
8807 2356
8056 7773
6789 8161
3836 9106
2509 6653
0 2742
174 8402
1817 9946
1759 2100
5168 8713
3912 8882
9618 391
9837 1696
3437 6832
8528 3913
3943 8002
7329 6473
7618 6454
3416 775
3952 5349
3897 8544
7982 9020
7589 5830
3699 9150
8760 1676
8383 2662
1248 1170
7239 7983
3722 369
6696 878
358 4314
3864 7670
6948 7931
9673 3488
5598 3418
8975 6549
5113 4199
8027 6179
4273 2202
7473 9423
8524 1739
1622 1228
9720 7104
6716 7755
8562 3450
2583 7310
6614 5878
1153 8892
3027 2346
9037 3315
2131 5549
4450 1901
3484 2827
7578 4296
5306 2077
1923 5617
2596 9627
6091 173
1784 5715
7709 8280
4388 2627
606 1131
319 9434
18 3611
9910 3751
1744 6446
1900 2605
2340 9228
4093 4069
1405 3816
6340 7874
4126 9253
1365 6884
1928 8115
3986 5713
8174 8811
7886 1212
3443 1678
8983 5028
9413 1060
8511 6839
2387 4926
4051 3279
7903 8624
2905 4382
8696 1711
7291 7033
8605 268
5477 2188
13 7536
1776 3892
6238 485
5328 3540
5047 5011
6210 998
3404 2067
2722 9087
949 8220
3055 6964
1286 7105
6142 4470
2626 3484
3228 3485
9603 827
8392 8500
9545 7673
3252 5948
166 4846
9163 9068
3869 1059
7127 9267
7728 7155
3102 1611
6062 5581
2208 6354
5283 4427
8143 9976
1553 7388
28 1861
7237 7303
7510 7386
9675 3304
6150 5264
9485 875
2531 4010
7153 1161
1030 7592
2766 1111
8192 6967
6219 5874
169 8126
9665 1871
1722 5168
6791 1964
6499 8639
2398 9527
7814 6465
6198 9920
6636 865
4190 1261
1873 1909
6788 1982
3581 7856
4002 7953
7025 729
5945 525
4771 5674
2275 6241
9711 7197
4464 1660
2177 8006
8244 4212
5683 3647
694 4478
8633 9259
7192 4961
2014 4686
8537 4878
5358 8938
7827 8082
1838 2013
8471 3950
9446 6913
2566 9896
428 9383
3993 7976
4248 359
1606 8740
2072 7942
3669 6932
5082 8534
9730 8909
1210 2758
2452 2513
512 91
734 6110
5531 1733
8222 3349
854 9967
9276 7500
5035 9660
6257 3806
9171 5354
5441 6374
2678 8632
4027 4610
9763 6894
2201 729
8468 7941
6879 6042
5828 7909
3552 7194
8358 7701
3865 828
291 6276
7448 6040
8992 2339
5843 3861
5320 9378
1477 3604
6332 7102
928 7473
2288 9287
148 1707
5839 5621
141 2637
8822 9780
151 1188
2178 2014
8691 4722
8588 9805
1503 6778
1657 2646
1328 3253
5514 6494
346 1065
8132 4184
3925 4715
8080 1874
6258 9378
3187 2348
2845 7534
5043 7601
4172 3599
49 5327
635 7554
5925 2482
3109 6844
1469 636
3003 2760
3922 3654
5272 9568
7945 8956
2094 626
6710 674
5922 5669
2706 2287
1097 6793
7522 6431
7174 436
6992 2712
3438 9086
3379 6014
9261 5723
1843 2695
7663 7252
8286 6335
7913 8569
1535 4384
1029 8672
6160 7939
779 703
8994 6358
9702 9567
7538 7242
7097 5557
7462 854
5013 6257
6731 736
6753 3395
923 5017
7580 7506
2872 3197
2653 6337
6362 403
2560 3745
3846 672
5833 7085
9277 5270
9405 8393
2032 8240
3792 5872
9210 3115
6382 7289
4076 1542
9995 5370
9666 99
805 660
2069 7827
5852 9755
4773 8691
5504 5330
1990 9485
9732 3275
7311 3110
5204 2271
2128 7086
4313 7889
9925 2979
2123 7344
8102 9461
3129 5180
1954 7093
1223 1618
3539 1138
2498 9035
8193 8321
9345 9049
5368 3206
5737 2781
492 2717
5115 869
3420 3430
3081 6612
1638 7825
6889 7539
3965 4619
3489 1642
4104 6625
3156 4817
9282 8361
6452 362
388 2328
8093 5758
7802 965
3462 4775
1787 1897
199 1162
5512 5171
1178 6429
4887 2723
4555 1657
9001 1816
1012 9541
2958 963
8788 3063
2141 5270
1794 53
9252 8173
6126 8191
6307 3065
6144 583
3455 3749
9657 8656
246 3526
1272 1718
6327 1892
749 8855
3726 6884
6422 1207
6603 982
8625 4741
9215 5815
5859 5525
3628 9153
5308 3420
2181 3351
100 1936
4285 9985
7875 6690
6700 4677
4193 7239
8363 6438
6262 5628
3885 575
2116 4801
1988 6669
8039 6863
8529 4507
9360 9295
1176 4031
8714 6362
2920 2052
3661 4493
4829 3131
1664 971
728 6909
9669 8233
2457 4744
2892 6573
9415 9361
6915 9766
2950 989
4032 8178
8915 9256
3868 3
1841 8960
4465 7284
8927 3461
4712 4259
3026 4686
3799 1837
1686 5076
3318 4552
4709 1168
3719 369
2010 2503
9021 1887
4554 2850
4463 865
6869 936
4648 256
1078 1067
7830 7781
4578 7078
2045 345
187 9170
295 4978
6333 2228
503 8688
7134 2671
623 4935
453 2215
2403 7344
6269 576
799 2202
5177 1410
3391 2131
9294 417
8470 615
1302 8179
4402 6388
3388 9579
8957 9607
8360 4038
9130 9306
4852 7785
8403 7247
7266 1068
6536 7483
1827 2254
2890 7057
20 3746
6892 4128
8200 5048
8978 6629
8029 8170
1668 1209
1435 1507
5228 226
8758 2091
9090 7725
5471 9186
5080 6401
1321 9445
7298 1884
3473 3980
3347 2241
6933 6922
6364 1636
6202 4570
872 4431
2891 9213
9433 7499
952 7507
5314 6270
5067 7048
8677 3227
9015 2099
944 9693
9992 329
3923 2241
4964 4132
8352 6639
7885 6254
6207 1772
7556 3900
5268 9578
4630 5229
6656 4181
909 1939
8997 6905
6395 1246
8411 3212
374 1450
4789 93
8147 6800
4432 7485
1074 2907
3458 6776
2409 1316
9453 1238
9937 3148
8603 7950
7960 3904
8400 8917
4351 1882
2070 5250
3399 8727
3084 7064
2524 9107
1023 1803
3962 8154
6571 2204
2849 2339
9703 1093
2617 2916
1509 593
4550 6766
7985 4138
4394 360
5517 8575
9442 4587
3690 4873
4042 4282
5273 7489
393 9984
7788 2011
9397 124
170 4617
2186 9388
1749 6844
9672 5332
9007 3643
7140 7791
9750 5750
5846 4034
6009 6100
3878 8021
526 8858
3143 8677
947 307
4975 3096
8000 2768
9899 4749
1701 3057
7632 5824
9254 3914
830 6581
4634 3389
8768 4647
9781 1976
4356 7099
3671 2556
6746 2036
2523 8355
2638 221
2170 4886
9982 3996
171 4936
7975 4850
4861 7581
9000 2704
6819 5949
1778 3187
964 9603
2772 5796
494 1860
1449 2067
1556 348
3193 3250
8012 4716
4191 9365
7493 6287
9370 7229
2251 8945
4130 5328
1991 1188
8326 8841
741 6633
2473 5125
2552 2208
7322 7123
6444 5690
1347 1019
160 1759
4176 1892
2103 1820
893 2676
704 7941
7076 4125
1197 3450
6943 7736
2501 2933
4589 6723
2212 7925
2824 7694
8075 8290
2420 9203
4536 4111
9794 792
5643 7978
7573 5151
718 1817
6646 7619
9879 6483
85 5315
2018 6624
1145 5555
7815 5782
6328 641
2416 1256
1112 832
9817 5098
7195 7192
466 2824
7495 471
9558 3275
8310 3332
1893 1956
890 9724
2504 9244
5653 7987
123 3367
212 284
2967 9967
2264 5451
130 7324
4922 5062
7944 6815
4218 4764
5761 4446
1054 8711
1345 6874
4116 1838
9585 6957
7750 525
6916 3595
2984 9637
9285 9186
1339 9440
5493 8840
5127 5448
590 2045
2230 3128
4944 5062
9869 473
4633 6854
8551 1046
7370 8428
6683 4030
2220 3433
9713 7927
8619 7000
1640 7559
8804 2591
9593 183
4681 8660
5753 9556
7922 4125
4526 549
6799 9013
9519 8176
7246 1864
2057 5033
4833 9889
4519 3849
9956 571
1836 1055
1648 7758
4608 85
3487 4860
6798 7979
1821 5594
1534 8912
7867 7211
1391 6399
3544 9627
9960 7179
5739 1953
8376 2364
2586 8054
6617 898
8346 5098
4612 9181
229 3227
8405 6495
4139 4300
4639 6021
2730 1653
3185 3765
8359 8010
5927 6932
154 1531
8008 5292
3165 3599
2088 4675
6694 2308
6862 9712
5656 669
3460 7088
4591 1685
8659 8539
4358 8808
7342 8156
1021 2286
8951 9964
1577 8900
5740 6047
1479 91
3384 5591
167 9093
6391 6122
5303 4540
276 1633
6488 5949
8322 230
4977 9997
1999 7228
8370 7016
2527 500
4896 8849
7543 8733
137 86
2292 3826
3984 2335
4707 9081
7272 664
5781 4644
7290 7061
5344 7124
6045 5176
6787 972
574 7734
8018 6176
210 3271
6745 5552
3414 7114
7689 7467
8074 205
6252 3442
5116 4251
9855 8290
3353 7750
4932 9253
9551 5259
2939 7371
4096 1252
6554 288
4864 3976
5014 8396
2028 3628
4137 5714
1187 2727
3342 6445
9205 9491
7574 2416
412 6776
632 7174
4400 2060
841 5776
9356 1399
6528 8200
9195 9941
8536 5080
3619 5074
4583 4801
9043 7704
3698 2805
4338 4489
4208 7629
9231 4887
5009 3914
1336 7955
9318 3822
7551 9687
7090 8464
5081 5142
3656 5666
4095 8037
2741 5332
1617 2091
90 8287
6767 3738
8423 9591
6755 4746
4258 5378
1239 7172
1680 5425
4299 3627
7238 2843
8878 2740
1203 3185
2171 3287
8843 988
7698 2433
1151 6117
3798 7583
6980 671
9023 8956
9052 8252
142 646
1001 4374
9570 3613
2145 138
9777 8094
4460 4330
5376 4445
5490 7900
6660 7356
6082 9848
280 945
1899 656
6432 1911
4357 68
3142 4132
4759 5201
5914 9712
8952 9009
5584 1582
8628 8366
2590 4188
3040 7690
7898 8601
2577 4339
7307 8340
2731 6444
3732 5556
2703 9692
2869 5530
9109 5062
132 3485
6631 7263
3021 6118
5773 7638
6188 427
7021 1483
9452 573
4409 6018
4754 4125
8101 9832
6266 6633
320 3349
5519 4713
6991 5775
5414 4795
520 2242
3696 9781
8666 2268
3381 4808
2080 2768
8381 4028
9449 1546
1315 3136
1451 2939
5380 9548
804 387
46 2689
265 3478
7169 9204
5086 6767
238 5009
9371 4051
5569 1261
8825 2896
4174 6489
4908 875
6481 7105
7947 4733
6923 9629
8239 5530
5266 9828
2436 1772
5788 1243
9367 5053
3076 2311
6664 7687
5472 5436
1538 3755
5485 5420
9699 8357
8114 5907
6435 589
9978 8791
849 5542
5640 139
8607 1863
8424 497
4734 9238
3983 36
7465 5786
6453 2527
737 9058
9394 9942
2026 6391
8797 1685
3195 3603
7369 6976
9775 5297
6545 1610
530 6150
7138 9246
700 6258
3316 695
6102 8768
4211 5819
3640 4421
9466 1769
1559 3650
7452 1943
2755 9282
8895 4453
5891 7941
7443 860
5432 4493
3223 1336
4948 7559
1644 1515
870 8172
2960 4843
2246 9004
1561 7578
6902 5154
6205 5711
4858 834
2261 5171
9610 910
5597 6123
7225 7941
6292 9267
3977 7103
1995 2677
752 693
3921 6190
7437 5330
7893 3626
7775 8673
5543 387
9697 1146
7757 4967
6236 6361
3471 3255
178 2369
7820 7251
165 8900
180 2018
5790 4240
7180 5716
237 857
416 4457
3848 4045
3881 9491
9653 870
9872 5930
45 9279
8728 4918
2693 3072
918 7343
7487 8260
1297 2398
264 9048
665 1060
7199 6136
3060 8386
7227 8226
8931 6286
6371 1433
6535 6039
5137 1845
4871 3027
7594 782
5481 1597
4791 6249
6274 743
2239 3486
2190 3719
2661 4337
3560 7464
9945 5636
5170 8709
1154 3422
4080 8390
7084 9732
9784 7685
2936 1521
4467 8510
8705 923
7191 4089
44 5553
7 8960
7113 3026
3535 1482
2906 9334
6215 6252
2301 7340
8869 1565
6661 19
9605 7795
1013 503
746 1583
6450 2165
6667 5273
5285 4959
4691 297
5179 8275
4255 9497
4527 8033
7838 3744
2655 5146
2721 4932
3264 3473
1958 2052
8906 708
6002 3734
4266 8093
1493 4228
6377 9555
2935 6271
1273 8713
9265 1976
6728 2890
6622 1379
9943 4787
168 7713
8248 349
9206 1299
1232 4190
2495 7622
5590 7170
4751 9236
4164 2630
1543 1161
8498 5016
3124 2186
8462 5013
7098 4507
701 4875
1334 6875
3989 7564
1441 3205
3323 3397
9044 4309
8017 6117
4954 5887
4624 274
4636 2482
8272 7885
5055 3478
2209 8693
394 528
5998 3091
9722 2913
9583 7463
4041 7415
6599 8237
4504 2815
6355 7898
1126 2276
3920 3377
8032 1016
9951 3593
6323 1272
9572 4306
7593 2661
4721 2030
1579 2684
9422 2618
4270 321
1156 2444
1253 9195
9221 9137
3319 4449
9748 512
3707 6222
4333 7017
1734 8354
3445 4480
3307 9079
6162 9778
651 2267
5430 9193
9155 307
1526 1125
3597 6435
8831 8764
5211 6018
8095 4897
1254 7129
8218 1804
9772 9186
204 1727
3804 4169
5088 953
8087 5393
5582 4835
1886 619
4643 9076
3259 6156
3229 3207
7488 8370
2349 4690
2885 4052
3104 3842
2632 6752
9104 5671
2211 4279
7070 1045
6294 1338
9581 7064
4836 3363
5487 323
5313 3671
9565 9910
6811 514
1754 5878
2427 2083
7833 3881
87 832
6187 3886
5253 2874
7196 5225
1720 5587
9055 3379
2462 2674
8452 3933
1320 7694
1614 7181
4594 7536
289 968
9474 8245
9226 6220
3676 3303
7210 7620
9426 1629
4758 4890
5693 9659
8460 6998
2547 9020
9286 7139
5755 8704
9152 5326
4973 902
1284 8768
8013 1490
140 8105
5567 4639
4334 2288
2809 1260
5101 4267
7958 5942
1881 6831
1703 3829
8643 2782
991 3113
2877 3443
9955 4341
5677 5821
8965 2627
2410 1245
5261 6220
1281 9997
4958 6698
3547 6509
6906 1099
3336 2775
5036 737
5675 3256
4442 2748
3979 4281
6566 3782
2786 1298
9931 2471
6349 5200
5132 9767
6924 6195
7884 6858
1850 9874
1742 7982
7173 2661
8135 457
1119 9222
2595 956
9807 3874
5897 4440
6046 8984
7353 3212
6645 4367
441 8015
3880 2044
222 6404
4687 4812
6859 3661
8645 9822
6765 2328
3046 3334
8145 8084
1641 9073
5969 509
8413 3559
6865 1832
5489 875
3711 8553
8988 5780
8397 8553
7317 4269
596 231
4121 8986
3761 3537
4233 1832
2572 6272
327 798
7737 7205
8053 8596
9577 9819
4678 9873
9016 4568
1179 2230
2521 1976
7516 4693
7161 7663
9447 6485
2031 492
801 5257
7584 1918
1683 7698
8526 9964
4107 8494
3515 8176
7655 6252
4195 3081
37 9941
7868 3097
3169 4235
3261 3481
4217 7225
5709 4615
1481 9495
3677 2022
8253 5411
2835 4937
9308 8768
3101 3507
5940 5769
455 9892
1518 1864
2709 1966
5639 2351
8767 8119
8692 1683
2828 6874
5536 4701
3948 5406
3240 2113
2991 5821
1671 7609
8839 361
3004 9708
5686 9522
2309 4468
1117 9899
5443 873
6406 502
7491 7761
2947 8373
6199 8463
773 5773
5044 951
7330 9223
3807 1129
5623 5500
9325 6459
4399 1958
3576 4980
4390 5835
9182 116
1311 3179
7060 5215
1815 4635
7762 8339
6151 4379
9560 5837
7645 9073
4699 3404
3172 7815
4482 9369
8328 2996
2615 798
6316 4926
2344 9376
8140 3476
8747 397
3225 2107
3203 914
6693 3235
2880 9610
1658 8277
8779 6328
1626 5620
5896 7258
707 1322
9810 3732
8547 3048
7474 5399
3056 3478
5595 8101
7666 5439
6322 4856
6713 5699
9400 4675
396 2398
7260 5086
1341 7956
5856 8399
1800 8914
5231 2443
6228 8504
6449 3197
8497 8532
8241 4766
5061 9319
5518 8340
7190 2311
9154 6924
7752 7183
3524 9404
1926 8012
7603 7633
7476 6137
4423 4622
2863 8843
6310 4908
1891 3435
7934 7734
5138 6344
5952 9663
6559 8736
8404 2294
119 6086
5084 9998
3759 9019
6437 2022
5991 101
5 6765
4340 8820
7027 4484
9128 329
7610 3662
7961 2167
9882 8771
5746 2109
290 6576
1670 6220
2789 8717
7865 5332
4720 3783
1400 5194
4499 2317
9042 2140
3013 142
5165 8740
3687 6200
9604 5637
7391 587
4912 4505
4702 7108
3946 8256
5778 811
6229 9942
1960 422
9053 9157
7368 638
4221 2145
2419 2448
4278 8772
4951 4437
4708 8946
5260 3977
2341 28
251 8055
1768 9776
5470 977
105 4194
684 9108
4761 2570
4903 5217
11 7503
5757 5347
7707 7049
9245 7454
9103 3899
8302 2504
560 3953
2881 5154
3978 5802
6031 2085
6687 5868
2115 7404
4353 3207
1348 7619
817 7987
7377 6918
272 314
633 1462
9135 965
7597 4232
6927 9961
7964 5502
9127 8964
3752 1813
4738 4976
6029 6199
3406 5331
1774 4886
7658 1668
7005 191
2093 3344
1184 6214
5664 550
4472 207
7445 8434
3405 4192
8810 7647
5641 1175
3408 3029
9355 2033
7829 2579
541 7244
7308 9473
4492 3672
8243 9096
2389 394
540 252
1737 9743
5960 9735
7832 4407
6931 8691
1358 7509
7779 3654
6953 5839
9823 1047
5495 8088
2998 1425
1528 169
9543 5567
7740 5048
7677 5524
4102 6484
5118 8595
6850 4598
6477 5538
4628 5582
9249 7884
499 6134
440 6280
6180 7640
2063 4643
7665 5689
8506 1301
2235 8536
8300 4997
8576 8758
55 9618
8805 2903
3428 8876
2024 2399
4019 6536
9270 1512
5787 5450
8183 423
5465 7734
3153 3136
3299 9477
6247 5901
5756 899
600 6805
980 6108
6182 9516
9580 7003
6080 7670
6590 1566
5246 1470
5369 3261
3447 7494
5379 3673
9364 5543
8079 2495
6803 5668
395 8651
283 3838
1945 5406
1300 8764
5408 4089
3119 4692
3720 7744
9111 344
5645 5539
3566 1527
7542 622
8658 5829
6240 7222
8175 7421
7697 1172
1762 3765
9475 2469
1397 3495
4805 6989
4814 4405
5396 9718
8167 3519
8615 8261
4187 7672
1699 5372
3431 2258
6598 7642
1091 5851
5767 5077
340 5324
1264 9350
2663 9939
2110 8621
8959 668
9793 2627
7204 9138
1342 3082
1855 9460
7125 737
4481 3411
6719 5609
6534 6737
637 6195
9125 9552
6666 2083
2006 1499
1533 3548
3310 3801
6786 3966
1500 7290
2395 2778
5870 4032
1741 8265
1382 9104
4575 6065
1368 7390
2494 9008
1573 148
1308 9518
8146 1702
9084 6758
8752 7238
3889 6907
3825 2325
1574 6247
4778 2115
2111 7447
3300 3224
5244 1774
645 1041
3146 5303
4120 7113
7765 7594
9788 83
5319 7241
9804 4463
2304 3365
3122 7670
2895 443
6386 5125
6890 8904
1386 437
4479 4255
6053 8700
9347 3179
433 5847
8412 8634
6311 3263
7056 1528
3549 1879
4265 7469
7852 4531
4782 914
1646 1077
6930 6246
4086 8155
146 6511
8690 8517
3410 9029
1663 235
2002 9267
803 437
8682 5745
7383 7223
7732 4767
6268 5159
1165 1970
4477 1689
4366 6044
1571 5554
2954 4186
3621 4506
8425 2240
445 5392
5635 1527
9509 9881
8560 3354
4487 3026
7995 4165
3505 5182
1833 1212
2904 9719
1554 7431
9293 2400
5212 841
3105 9770
5955 5573
7524 9794
2800 7137
5334 9638
6995 9951
993 2441
1108 6001
8103 5468
2575 2556
7158 3485
9328 8821
3116 3124
3162 5922
1221 6375
7034 7295
2269 522
6253 4805
7026 9746
6193 5273
255 4263
308 1206
8045 9638
6314 8650
5224 1356
1453 3617
2384 7506
2430 9306
1455 6053
3436 3501
1086 7123
4688 4909
3137 7396
8283 9253
5742 4425
4203 5748
4147 8965
6525 7751
3157 3231
8583 9207
1688 1200
2460 3241
4914 7519
5123 7158
6497 6010
2283 774
1303 8988
6606 8319
2250 6440
2284 1187
2412 5878
7039 9440
2353 1762
3233 501
1984 6726
5219 4722
2025 5589
5770 9430
1155 9412
2799 5522
4391 5813
2830 5232
7659 9366
3314 8842
6423 6012
7678 8823
4600 5166
7460 8662
5574 5027
5387 1137
9868 6765
3580 1178
418 7692
874 6627
4022 8283
5422 4194
2360 2187
2738 8458
6223 2776
8686 8804
5827 1048
9272 9853
6796 2044
6408 8530
1417 804
5002 8117
784 9255
4582 2165
9411 7868
8971 1546
1548 6122
9281 3628
4753 1161
8701 6721
2047 4794
450 1487
2314 4022
7501 5643
563 9583
4596 827
7261 2029
6305 6633
8180 3028
1026 8012
300 6046
5779 5997
175 5501
247 3076
2500 139
2477 7287
8408 7449
3343 9697
4576 4922
1196 1293
6981 6188
2124 5194
1053 175
3971 2443
4730 4337
9027 686
3386 2120
1880 3430
8856 9270
8188 57
1158 1967
5290 8150
4372 6582
1199 2716
2278 7022
9898 4974
5963 5240
2119 4630
2865 2938
400 7271
1231 4793
1024 5375
970 1998
8710 4804
1037 1520
7693 5301
6418 3958
3022 5965
5980 6064
2262 3665
9075 8051
3760 2661
2705 2470
6938 8380
1656 3589
1376 7217
2406 2018
9902 8375
446 4906
5293 4029
7921 7516
2179 5028
2580 1642
7119 3190
1789 3234
3262 9958
7957 7165
2035 7785
8637 5930
1364 292
372 3489
8503 2592
4640 1055
6810 1184
7253 8628
3612 6330
8792 1276
2714 3979
8668 950
6552 6769
8706 575
9689 7387
6609 2680
368 9230
3630 4310
3994 3081
6706 5516
810 6515
3949 6140
2483 2665
4933 1232
9614 3963
4054 328
408 1064
5961 357
1406 2771
5777 7768
3340 327
2355 8424
3010 2180
5537 2139
2293 7554
3037 8688
630 9770
2751 8319
4541 1743
3007 792
8431 10
2558 3731
164 8402
4413 697
5339 1859
4406 9129
7943 8784
3888 9868
9346 5796
2981 6451
5611 8562
7235 6429
6747 6158
585 441
9999 1016
5612 5917
6826 9787
5052 1151
545 4149
4275 5347
2466 2346
225 7290
776 2704
8042 4930
4140 295
8993 4066
8860 5163
6000 8242
5844 4668
5834 8833
6659 6973
4497 850
9225 6844
1987 3240
1627 5251
3138 2221
4346 5286
3712 9438
306 517
7364 9615
9506 2877
863 9377
8871 6782
1840 4576
4516 9622
8943 1009
981 395
3714 7526
2956 6231
866 2827
9887 6220
325 2697
599 5041
1558 5114
5412 8741
5702 8437
6937 2341
5483 9155
9493 6810
8164 7624
6965 8474
74 1735
5882 7742
7848 2955
7288 4588
6820 3037
7749 5288
4809 4064
1337 2486
8556 904
8786 2157
9289 2665
7700 4563
4385 4026
9584 9181
2726 6912
7869 7586
2496 4612
7054 6271
4146 4891
8665 290
2914 3589
7409 3111
4117 2617
8649 4484
5906 3619
1811 4493
7004 3800
8920 8771
8496 9313
2822 924
3512 3987
6611 5290
3778 4435
7977 4776
9131 6967
7360 1472
7517 8287
3975 1515
5426 4996
7965 3358
8182 7186
2354 7294
1580 3647
5622 3076
9288 2776
3066 3668
8436 6294
4987 9962
8453 5828
9385 6885
5206 988
974 3825
992 5906
9632 9750
3278 2008
2774 6079
6070 5575
8098 1844
4141 8473
4160 8658
1517 6140
5078 1545
5807 7480
2737 869
6480 4807
3514 1942
9824 3234
2273 4288
7789 1743
4839 5454
2973 6971
1510 1122
2604 7461
1227 7496
5853 6752
7966 7550
6658 4594
4396 5731
2095 9604
3238 2776
2428 9369
3629 8583
908 6645
3794 9907
4832 3870
529 5542
2779 2072
3368 2850
5982 7246
8718 1249
8314 341
4123 8710
7843 9968
3071 4690
3907 4854
6584 2185
4940 7606
1779 4288
1986 8825
250 6326
9612 292
438 9940
3658 3463
8999 4435
5049 3583
4623 1097
1323 5158
8762 8044
6426 5435
2173 3920
6106 6744
9123 3184
9694 4692
5248 5156
153 5638
5031 5125
4656 1737
3947 5820
9332 2289
406 5431
4354 8960
2807 3541
9264 2189
2961 1803
9331 5207
1177 869
3951 7146
8557 5206
2053 9934
476 6896
6466 1736
6607 2166
227 126
4745 8875
2065 1217
6097 329
9384 5663
7268 4850
7920 8726
6175 5639
7120 9865
8492 2818
7215 7028
3177 790
6757 7060
3664 4805
9065 6647
1431 8671
1189 4847
6203 6031
1834 7797
2232 3564
3844 8592
1467 6927
8130 5757
6290 6440
3472 3771
380 1463
9316 6427
9292 8264
8987 6662
3786 9239
3686 9351
8521 3061
9156 5780
722 2924
614 4703
4430 2483
2573 1299
4106 4703
9908 1747
392 2624
2802 4728
4868 7278
5195 1138
1536 4061
1287 7799
1350 2880
3042 7408
687 7550
8572 8981
4595 5035
9363 6312
5006 9345
2643 8233
5579 7435
755 6753
6945 8935
6688 5137
8259 1040
896 5458
6649 9472
2365 7743
8891 7226
2928 7167
7277 1564
2421 189
846 5003
8022 3224
298 6516
127 2369
5310 3131
3859 4273
6539 2244
9916 7150
7545 1584
2137 9989
6120 6612
5990 8962
2305 3789
717 6892
9611 4515
6652 9485
6250 2757
3394 4649
957 4670
8626 2618
1124 1636
7784 3666
3717 3855
5601 3778
4788 5419
8630 1417
5417 5606
6496 1518
478 9505
5068 686
161 3531
2528 7911
1654 5673
1191 4824
8857 2974
7930 8730
2034 2700
663 9452
2846 719
7166 2458
4927 3759
5741 8728
301 4238
7009 396
4537 8572
4369 2980
1280 3857
282 9589
5169 7378
929 9692
8128 2914
9917 8738
3742 6075
414 4588
7747 9158
9476 5052
7147 1949
9726 8767
698 1822
9795 2105
66 7873
8349 165
2383 8066
591 255
8202 3373
6279 8366
2724 4289
8638 8762
3051 3623
4882 8280
9291 3354
2151 8573
5147 5145
5937 6948
3536 1649
2402 8252
524 4367
9582 7839
7849 5872
1724 4757
685 7016
6583 5755
9418 8570
8852 2045
5626 6606
2184 2255
7068 7991
2377 5435
9760 1408
7131 4463
2003 8882
7812 9449
9830 9280
6397 6165
2371 8551
933 6038
9765 1813
2464 4155
6369 4929
9039 885
578 8601
9723 2514
4737 8451
9051 627
5491 2184
9458 613
793 3469
2040 973
1354 9652
4729 7867
7591 9165
8937 1227
1511 654
6911 8262
2442 6773
9932 9117
6145 8688
7265 1750
8586 7696
9248 8541
3981 6765
5181 4287
2485 3440
912 9123
1494 8085
5692 2955
8803 78
6285 8360
6517 270
5915 2568
3173 4062
1113 8419
6071 8898
5679 7340
4135 7993
9091 3780
7994 2928
6600 5542
8565 4673
1258 6334
852 6813
8589 4410
3100 157
1033 6397
4168 960
9785 3800
9529 1098
5905 8267
838 8473
9102 420
1947 466
8046 1040
5596 5524
9147 2201
9011 9156
765 8087
4161 350
9336 3347
8301 4096
7932 4954
143 6175
7080 1904
7722 9726
220 6761
1780 6373
7834 635
3944 2084
2122 2595
816 7470
7177 1200
5434 8874
9915 2208
6952 2884
7432 6037
969 505
9535 7480
107 5951
3708 743
1335 1890
4189 7874
1134 6222
4655 3108
5143 1068
8627 2397
9590 5684
7636 8059
961 9816
7040 8031
8011 6022
3568 2554
8199 1543
569 6653
7741 7444
9683 7746
7530 8409
6101 4817
9924 3585
8795 586
281 883
6934 4538
7963 6030
8620 6394
1491 9042
6685 3226
3470 502
7456 5313
9930 538
7282 46
3378 6806
6076 2219
7771 2128
7010 0
9437 4854
4574 6229
1796 908
8078 7829
6149 747
9791 5745
5912 3930
5661 3133
6648 6589
1878 8756
6050 125
3558 2601
7466 4490
4972 4285
3571 8126
9262 5271
6725 4729
1552 4633
4124 8625
6004 5037
8836 3104
1343 6796
5100 8301
7929 5529
8802 48
3242 2804
3276 661
1329 1267
4611 6579
7998 9305
6217 1534
3266 1697
4549 4857
1659 4510
5526 657
9878 4010
6177 5453
3624 6107
9566 5675
2507 2193
5570 9734
8545 1805
7541 2029
8640 2351
3787 6948
8796 8388
8445 710
4154 1005
7249 8344
2788 93
9358 2389
4821 8472
421 8703
4736 1337
4717 6624
9504 6111
3876 5276
6159 1608
8982 3851
9436 5323
1514 242
6567 1578
378 5758
6663 1966
1771 6084
5580 522
3872 6083
5871 5014
5216 9973
2016 8810
7525 1499
456 5022
8759 6874
7652 4415
2945 7867
8969 7528
9842 4164
2746 8422
2796 8410
2200 4897
689 3477
3739 4478
1994 4339
1080 2525
7656 6672
1401 5466
2965 3932
9954 8241
6972 6519
8110 569
5040 4956
5921 8111
9348 1097
6771 3812
6436 6432
6630 887
5568 8642
7800 9291
468 6473
213 5803
2042 6562
7782 2585
9401 3474
1715 5889
4894 187
5861 617
5488 9475
4242 3348
3181 6218
6166 5593
9895 9195
8181 7760
6003 3052
843 1011
1802 6891
1250 7011
9549 5371
2733 6109
5642 986
2594 3384
8973 4024
3498 247
9933 2321
5221 3258
9912 7230
6169 7753
4731 6253
3423 104
1294 2921
1403 5689
2829 3075
6527 7479
6777 800
1157 2204
339 2018
4838 3813
1673 9984
5993 8710
4018 6026
1152 1256
3743 3067
6474 8264
7209 2618
9856 2698
2098 8268
2058 9866
1693 2150
8925 6383
9633 803
1010 3468
787 5421
6697 6960
8919 1533
1015 5602
6486 1877
4590 2534
3457 7248
5705 9751
3001 3631
8879 1910
2330 8190
5157 2746
4947 4693
9251 4148
4895 423
3346 1945
363 1469
1194 3212
4074 1212
5129 6849
1502 6895
6124 6162
2236 7954
4772 7214
8766 376
7472 2439
2404 6220
7754 4581
1781 971
2535 9368
8057 8904
3773 9255
7962 5872
5099 4703
1388 8490
5440 5493
2529 5875
7508 1217
958 7681
5513 322
4970 249
3337 6220
5989 6009
881 3580
833 5637
5346 24
6853 7980
3779 6869
2898 3863
3293 5566
1438 8419
9620 5008
1103 3266
7411 4456
6817 951
5139 2167
2756 8400
6011 6544
9110 6307
4694 2008
4614 4290
2616 9729
5410 5383
5678 9861
767 8096
7948 294
5938 5771
3237 5836
783 8146
377 3573
4173 1967
7162 5744
1917 742
2925 5331
2732 3155
7862 9138
5416 662
2548 1092
8513 3755
8216 3096
9005 9815
2983 3909
2696 4076
6384 4980
4725 2656
2930 4820
7457 9303
3163 5775
2642 367
1651 150
94 6009
7381 6950
8081 7216
1775 7756
507 7432
6843 6013
9569 1578
3459 2439
4870 5201
5178 2850
2380 8090
4853 504
9974 9032
919 811
6977 8019
2378 4150
144 3588
3657 3621
8968 9999
5150 9766
5849 1802
1220 4479
5876 575
6654 7554
1088 7651
4984 347
1071 4668
7914 6188
8641 3499
3068 346
7081 5191
2685 1059
5340 9441
6754 9383
9112 1261
5479 837
5274 1289
8064 9695
4671 1940
5322 7694
1858 8406
1464 4870
826 7942
802 3954
3199 4676
1632 2068
5954 4193
7817 5401
1193 8941
5535 1638
1062 7676
5924 8099
1075 2213
6131 9711
7328 4053
4439 9160
4115 1169
8205 3528
6887 2746
2649 8034
3211 1520
8610 3678
1591 6570
7254 9897
8214 2726
9200 653
2882 6659
4905 3773
8270 4132
2622 2365
6367 8112
4097 9920
5089 4806
355 9988
1989 6614
6315 9038
1619 5623
8623 1263
1907 381
7279 6991
7168 5394
2964 9677
9402 3289
1443 713
1247 5838
6056 4029
1327 9250
1144 125
9863 2280
9696 1118
224 2331
4056 4529
5736 7233
1381 4964
7030 7615
6186 4152
6729 4166
2837 4137
7221 9978
4209 771
7999 229
313 5470
948 3196
6381 9647
6790 147
564 4613
7231 5919
3170 8995
244 9156
3758 8372
9598 6064
4859 3326
2749 8834
3685 8441
978 3974
9745 6716
3089 9015
7861 6148
8106 3412
3448 9649
4521 3709
6261 4884
9414 928
1723 6405
9343 8177
3675 9184
6505 4789
812 8744
3747 2485
3774 9326
8689 6254
7145 8555
8896 4421
1788 6394
7416 9832
6801 5899
8320 2839
1530 8201
999 636
3634 5484
2393 5607
3341 312
7842 6969
8897 4116
815 9794
2493 9327
1661 9072
7837 5332
4714 7015
8525 4887
4907 3985
3918 4217
5719 9765
9542 2562
4292 518
9843 8273
5242 6090
2282 6786
8274 7167
3992 4310
258 849
4253 9754
285 9079
8196 5756
6139 704
3999 6542
9024 2758
9704 5649
2463 7010
546 1533
4046 5083
4157 5722
5463 1972
9187 2687
4618 5623
458 690
3791 716
3917 3159
5627 1747
254 6870
2475 5610
9576 528
2673 9979
1902 4729
8949 551
2277 9660
2934 7889
6054 4177
7362 9724
7850 8664
5019 8363
