10000 9999
5756 521
856 521
8447 5756
9356 856
1890 8447
9350 1890
5502 856
3338 5502
7408 5756
2431 856
7264 521
3185 7264
238 9350
907 856
6699 856
9976 8447
6724 9350
553 3185
1121 521
318 7264
1300 9350
9502 9356
684 3338
8728 684
7550 6724
3291 238
7400 9502
3067 3185
6763 9976
832 553
2527 9350
1635 9976
5734 7400
3573 6763
4772 1890
1625 5756
8989 5502
388 9356
3490 9502
7427 521
1147 9976
3969 3573
809 238
8361 5756
8159 3067
7546 8989
9512 3185
7423 3969
447 2431
9878 8989
8503 8728
2592 3291
6060 318
1120 521
6602 3338
8998 1625
2965 7427
5995 6763
3886 388
7517 238
4471 9878
4924 1300
4469 2527
2981 3573
1898 3969
2167 2965
2128 2965
4144 6060
4824 7550
486 3067
2791 521
8300 318
3163 318
5913 1635
9044 388
7390 8989
8772 3163
1672 8300
3169 1898
6847 8447
6335 447
5370 2592
9069 8998
9209 1890
3566 5370
4522 3490
3871 7400
2331 3163
6068 2981
5199 7400
4138 2167
3463 3291
2282 5995
6995 8447
676 9502
3247 9044
7939 2981
7520 553
7174 1625
5602 1890
8502 6335
3961 7939
2697 9976
7120 1625
5797 8502
4561 2167
6390 9878
118 676
4975 2527
3360 7120
726 8998
2880 8989
8448 3886
8769 5199
224 5995
8739 3886
3057 5756
1638 2282
6852 8159
7386 2527
347 3247
960 4924
5585 1121
6242 9502
2718 726
662 7264
9893 7939
8403 2282
9351 8503
4881 1121
702 4522
645 9209
3539 4522
1428 4772
6251 4522
5587 2431
6414 7408
3790 8447
6330 9512
7164 8447
8216 5199
1379 7546
4575 1121
3696 347
6590 4469
2727 1672
6993 3247
6769 6993
6510 5199
6248 5502
5385 3490
8171 4924
6182 960
3104 2791
193 3247
492 6335
4413 2167
5328 8728
1954 6763
6708 8739
1734 5756
2636 9350
5112 4881
4887 3490
3639 8998
8830 2431
4149 1734
7209 3961
2443 9893
2456 7408
3219 7408
7515 4469
6838 960
6006 3169
8873 224
4404 4575
5304 7174
6988 7120
3510 3969
2246 2880
8208 8403
1908 8739
5283 1300
6126 2456
7449 1120
8593 5328
6934 4881
4403 6510
8475 3790
3113 9044
7106 8772
5373 3113
2826 2443
8923 8830
7804 2443
107 2981
7987 7427
149 8830
2587 7546
1572 8772
9143 3067
2720 2697
4424 9209
1424 856
2306 3961
5243 8159
2450 6182
3160 3247
9118 6335
2483 8989
3501 447
5065 1898
5923 1898
8374 8300
2514 8593
9737 5995
1165 2981
6893 9878
4888 8448
2083 7939
1531 6068
1522 9069
8395 9069
1321 4469
2017 5585
1746 1522
7668 2826
272 347
13 9878
998 5502
9116 8830
9427 6724
2845 2727
2062 832
191 6126
1349 4424
7167 5502
5180 7386
9616 3247
1927 7390
4591 3338
9827 8873
3852 3185
4145 9116
8229 6330
7990 3463
6292 1428
1132 7390
9157 1908
3092 1522
1921 4924
2650 2282
1189 9878
9659 960
2106 2331
2507 4975
6097 2083
9175 6934
4165 684
986 1147
4409 8395
338 1927
6456 4975
4468 2592
8920 3219
4516 2592
6827 7515
2939 6510
1787 1638
264 1165
4905 447
2960 7550
4859 6060
758 856
3514 3501
7173 3696
4743 2981
5295 3185
1098 8229
7723 8216
509 1638
7475 3539
976 2636
2202 4403
317 5243
2978 264
5147 6242
7957 7408
4740 5283
858 1672
8799 5734
8904 2017
425 4905
4928 1522
9966 3514
7986 5756
97 8503
5092 9044
2972 3163
3560 832
4254 4516
8091 7986
9244 702
8665 7174
5355 1189
5784 1132
1552 7164
2351 8159
8639 8665
1899 6414
8138 809
6816 5180
788 8593
7687 4905
1376 1132
196 3573
9869 2202
5058 8989
7302 6242
1758 3969
2882 7986
4003 1572
6628 5328
3616 1522
3572 3852
5514 6330
7795 7957
3657 4409
6887 7209
4682 4824
3313 1635
3024 1890
3699 4881
2390 2017
3735 6852
2936 8503
4640 7795
2258 1531
3090 6126
1780 118
1237 9827
3760 2720
2548 9869
9530 4859
5414 4905
1344 5328
1773 3871
570 1552
2041 3090
8291 7804
6485 318
5209 5734
2291 6590
72 4682
1216 2306
2482 191
8952 8920
3438 1531
130 7173
9838 2960
5197 9143
7464 7939
9455 4516
9741 6827
168 8171
9486 6248
1603 726
4857 8091
3240 4975
2302 2167
2626 2972
1854 509
5312 3514
6948 6485
4691 8448
5161 2167
8148 2939
8834 5414
6165 1552
5289 6893
6077 5995
5956 5784
1979 8593
348 4591
1212 3572
5613 7987
3329 6251
6116 8728
708 6414
3637 8300
7891 7546
5131 3490
8656 9143
4660 7987
9666 1344
1447 7423
1982 9486
4057 570
3753 4403
3623 2482
9747 2626
389 4138
4391 6390
5835 4887
7002 2845
2209 9044
6303 72
7030 4144
1137 6414
7367 2431
4656 1137
9701 5147
5826 7795
741 3360
1079 3338
7372 976
6608 6068
7425 1898
7198 6248
5124 9069
7141 3163
7945 5147
6321 1098
8373 4424
2716 5784
7810 8447
5536 7464
7086 2981
3518 8138
148 338
3972 5197
4297 1121
6821 8772
5974 8159
9070 3560
2275 8148
3102 2128
9814 9427
2847 3514
5224 4165
2014 2727
2522 2845
7341 3657
1511 1746
1551 6816
6618 6242
1892 7400
4489 708
274 8989
6761 6165
7628 1979
8761 1551
3321 1147
9403 6821
8981 5756
7885 8920
3069 8989
3440 6988
3799 196
4829 2880
2949 9747
3620 8091
4365 570
2601 1376
9158 5414
8532 3539
2667 1890
2184 5199
2604 4857
8837 1552
8996 6708
7642 6608
6398 264
948 168
2190 4575
1010 2190
771 5092
7382 741
6236 1424
8143 2650
571 8904
4960 7804
4000 6602
3276 2202
2430 8998
1024 2443
8764 3573
9579 3637
6762 684
2315 6995
4310 191
6532 1121
8921 6116
5650 9356
3918 8772
7306 5974
7896 5312
7865 2331
1204 5312
4036 4365
85 148
2817 5585
84 8739
3789 8920
5552 8769
4719 4561
6667 960
2487 7390
458 4145
7656 4824
775 6510
8327 447
9985 2965
6191 741
9404 2601
7600 6761
9478 7600
2649 2604
140 6763
9761 238
5770 788
4313 6251
6722 3463
7634 2246
5448 8291
1070 1121
8028 5065
6426 5304
5494 9244
2629 8373
2469 9118
6554 2282
1861 4469
3557 7517
9152 4859
5840 1531
100 9701
8318 4772
9106 5112
5716 5826
5713 8728
565 6590
7823 1300
2781 8665
709 2331
2119 2443
4872 9356
4361 976
3549 6414
3770 4469
6020 7086
1156 4575
8116 7520
9047 8920
2534 4719
4352 5295
7368 9701
1643 2487
5380 7990
55 5199
6215 6667
6365 9070
8433 2791
8581 6722
1362 2720
3121 4254
6870 8138
7841 3969
6181 6532
9082 9701
4293 6628
7993 2282
108 6838
6843 1982
6280 8952
8267 6426
7923 2209
9233 148
4030 196
3531 1121
511 2083
29 7804
9948 318
5352 2351
4680 4719
5986 3313
9100 5209
4053 224
5484 3572
748 8873
2999 7382
5371 3247
2428 1189
1865 6365
3056 2514
2399 2450
5362 6628
4746 1121
5428 4297
4623 7164
1755 2587
1623 1572
9536 5414
6086 274
9967 7167
479 1979
729 108
7593 2880
8445 9827
4043 2604
5893 7656
3230 1892
6316 5784
5618 7891
1539 8373
1249 8091
1541 3056
8625 3961
1057 2592
8002 5494
3205 3549
7640 7795
785 1746
330 8799
4194 1954
1754 9666
3843 4403
2546 2106
8735 7341
4185 7141
2686 832
339 4391
4449 3440
6258 5371
1513 3843
6980 1024
8853 4591
7422 9350
5029 3276
7935 2949
7962 6816
2687 5352
2713 1927
3339 2291
3923 13
7251 1010
10 8981
9537 8327
3362 521
6168 2062
889 5923
8757 4746
2662 5893
9131 8998
3741 6398
4326 6821
4708 3886
7241 6242
2233 1899
8647 7990
1692 3549
3008 8799
7903 8837
4631 5304
1879 1522
1740 960
4261 9118
2774 4591
1336 8757
9458 5494
2037 8502
2460 1132
2005 7425
4642 2443
8982 4468
3419 6191
283 2604
4592 5797
6338 7386
9566 7120
5245 6258
770 758
2693 6532
5949 7086
4345 6699
9293 9814
7650 9403
2374 4660
3758 8447
8621 4469
5150 8665
2111 3886
7451 1098
2536 3923
7518 6060
6224 1551
1085 8728
6927 2450
3393 6870
4377 2351
5865 486
1256 458
9467 7372
813 6426
3550 1551
7214 9100
1002 7823
185 7386
4474 1212
2449 7423
3358 7990
4542 9701
4309 1447
1689 3923
6634 729
331 3230
5966 4881
3206 7687
984 6165
9066 5613
3761 5770
4464 2184
4679 6116
3650 4660
4226 2390
7960 4888
4151 5209
2039 6236
5463 3518
2157 2965
8460 84
7645 3770
9513 521
1422 2534
8350 5058
6289 7141
3711 4404
2871 4924
545 348
1241 7723
614 6398
3883 283
839 709
1462 2847
3369 1189
3569 2636
9928 4165
8570 3362
7130 2184
7571 1057
70 1424
8432 5995
5090 107
5341 5362
4594 1165
4595 4424
8835 2960
9382 8350
5685 107
2231 7164
227 8835
2897 8350
9841 6510
8928 9741
9309 1237
8741 2507
4577 8503
9103 2662
6664 8904
1505 3092
5190 6995
7854 1892
9734 6590
4344 5371
8135 8639
4190 4631
5128 9403
651 4297
3161 1890
6693 511
9166 5734
5434 4057
8749 6289
2736 272
625 140
3427 130
8098 3566
6750 7962
4634 9741
2830 662
4095 2604
3784 1551
2160 1982
2217 2119
1295 2258
5777 1241
4996 148
5609 2014
1211 4746
9938 2882
2277 1892
2668 7923
8809 6289
333 8837
3461 2880
3246 7865
8133 3247
539 4719
1186 2687
9335 9536
4417 5124
4833 5295
4157 8837
5071 196
2805 5283
1103 6485
6148 72
5694 1156
6339 5956
6707 3761
6062 8830
9922 191
2478 7668
8617 5713
4861 8133
2266 331
1666 272
857 8921
1397 4417
4937 2687
2077 9878
9010 1424
9038 4361
6712 9066
9304 9458
7754 7795
7999 6086
4900 5341
2923 7390
659 6398
8661 5150
125 2111
2320 7804
9843 4365
2191 1603
3350 521
3840 9070
6475 2871
5729 9579
8655 8834
6232 3246
3694 3560
3971 4474
2269 2209
3768 2847
7151 8448
5945 8769
7537 9103
5710 5380
3290 2718
4786 149
2862 347
6360 788
1985 6485
9054 1899
2671 948
1621 2014
4033 6532
6778 8028
9582 8741
9920 9985
1386 4887
5358 4424
2834 7600
8780 9143
4532 4030
5316 8361
999 7400
402 2320
1812 4057
1387 3358
7880 4309
312 8661
9160 5826
9199 1241
8538 458
1041 3369
2174 570
7501 9382
9213 1079
8333 9131
4055 9143
6968 2160
5200 1137
762 5826
2842 3650
9374 2527
5517 9893
672 785
5929 2119
1278 2727
9094 4881
9049 2649
2236 4824
5726 7427
9496 196
2004 3461
4993 3569
7572 6816
9490 1241
4995 8834
5607 1861
4768 2718
5497 9616
5539 6667
2454 8300
1728 948
7502 1692
6268 4043
6669 948
6533 5966
3173 5316
816 4577
6415 7106
8702 785
7121 312
9398 2847
5600 8350
909 2450
7936 2160
2069 1186
7323 2527
4658 1892
9477 3360
195 1758
9901 8761
3523 8373
5724 3569
5728 8989
8699 1147
8146 9616
3772 7151
1786 9966
3036 4660
606 5956
9914 4772
4653 2604
9485 8702
8605 1572
508 1985
3621 7341
8295 4293
4752 6988
6609 3523
4846 6602
3527 809
9904 2781
5550 333
2856 1505
6357 4833
7434 8538
1840 5355
9193 9938
9851 7795
5738 4144
4191 6838
2164 762
8813 389
3702 4000
2628 9100
1863 4975
944 486
8574 1428
4200 1216
6122 6847
8664 9010
5007 2390
3083 2487
5915 9878
9721 4743
9169 4577
5208 4361
2043 4888
465 5434
5998 4829
188 5929
7596 4846
2472 4561
9327 3104
4447 4391
6437 3696
2377 9536
8486 4226
1393 1892
6798 2077
6172 6390
6109 9478
6793 1336
2870 4752
8110 8625
9324 7198
878 9118
7316 5587
828 3438
5347 6948
6719 3696
8566 479
913 4424
9844 3741
6876 5090
5951 8486
1356 3843
618 8486
1145 7316
6594 2209
6749 7390
2655 3623
1681 1462
1936 1623
7601 832
7659 960
783 6893
6446 1010
7581 5893
3725 2534
8334 7754
3944 5865
6825 2882
4536 6763
6643 5716
5717 1921
7857 8661
7973 1336
4929 2291
6492 7645
5046 8432
5842 149
6447 4297
4091 9455
5014 2514
1762 8780
789 2626
3016 5065
8659 6437
7387 2655
9767 7030
3649 2713
7041 6724
4875 4055
5919 571
7054 9530
1567 3694
8594 7174
1390 4447
6640 2781
3023 5951
2648 1666
9154 4708
1285 5347
4987 7550
4237 1390
611 9158
8108 7174
1441 4344
1824 3185
6561 2399
7749 195
6474 3657
6580 4344
343 6798
3888 9814
7919 571
104 1098
1771 7581
1795 149
3012 7593
973 5728
8235 1189
4440 1539
7899 7086
8198 5370
7111 168
2753 9154
1716 6667
1882 9761
1562 9309
5657 8661
3540 828
9992 5835
5317 4391
6954 9701
5501 5295
988 3620
8775 5484
8080 2258
2945 783
3578 3163
8927 4003
2784 7422
5145 6006
6496 1349
229 1689
6052 7264
6648 2522
3157 8799
6260 9948
3154 6398
7031 8300
2024 2687
7003 4489
1446 5919
7232 6168
3229 6778
8969 1390
303 7241
5802 4653
2376 6993
3765 2157
2141 2628
5442 5777
1977 2981
441 3789
9542 4656
3485 465
4021 5770
7949 2534
6173 3008
6279 2936
5055 9069
4327 3840
2150 748
36 1758
5879 108
5520 5316
6840 2648
7079 3350
5677 614
1225 6365
6831 9992
3231 3173
4813 8432
9979 3696
9766 6712
4452 1863
180 5090
8618 3362
3275 8566
4290 2834
1919 6260
9849 4960
349 5131
4864 7999
6859 6126
6746 9827
7176 1795
3444 2004
8051 7002
1888 857
1693 458
4203 4987
16 4857
4169 8373
1613 625
6635 3419
6550 4352
464 9904
7870 9721
7675 1572
455 3527
2545 2014
9806 8135
4133 2718
4753 6724
6871 4091
5477 5865
3201 3338
6767 5842
7091 9721
668 9582
6463 3702
3764 6398
6212 6116
6286 7795
7913 7880
1274 4226
3994 5150
2433 8739
3337 3699
6320 6749
5548 2871
5985 4928
4801 5065
9595 97
6416 180
867 5995
4983 708
5953 7935
1307 5029
4046 5923
2925 9537
8886 2648
4188 8374
3846 2527
5639 889
3335 2282
5834 4772
3477 5985
2249 5923
6891 118
3137 2687
5359 7003
2182 3572
7631 5502
6892 9979
1694 3623
2091 770
4087 5717
4425 4746
429 8873
9981 4824
9809 317
4499 8334
2724 1613
6987 8333
5588 6635
4328 828
43 2249
2620 2399
1902 8110
2076 5650
5854 6496
5165 8593
1668 6693
6886 2014
50 1531
9929 565
9960 6643
3199 3012
569 2667
7849 9154
9547 5295
427 7173
5884 6635
1276 3335
6595 9193
9460 5602
9578 5986
4745 9467
4436 9160
6175 8656
596 9157
3513 7130
4909 3789
711 5677
468 5915
4296 8830
9875 2897
7799 5289
9646 783
793 5797
214 2269
9287 8028
5930 8433
1990 43
8398 389
8533 10
4735 7232
7373 4995
1805 3438
4638 6172
6441 7518
1952 5777
4584 2845
1288 3735
2914 1762
1701 1428
2070 2727
4354 6181
9577 2150
8045 9542
6240 2269
669 741
7977 3036
2894 3852
1563 193
6535 8920
7533 2443
6575 8398
7704 5717
8526 5728
7997 7121
3334 1693
5093 7151
1069 4875
2701 130
410 6212
1550 9513
4652 7422
6238 3758
3210 8605
2770 8503
7776 8502
3829 6664
6610 2527
2380 6602
8183 9460
4769 6463
8929 2945
4589 6191
9189 1771
3396 1288
7420 7919
5676 7316
1272 4861
7239 7425
3015 4542
6856 8533
4020 4474
5367 7550
7441 7601
5189 6847
5102 3160
8162 343
2869 7302
8296 9143
6194 4542
1087 168
1649 2024
3413 7870
9261 486
8070 1079
853 8996
2414 2076
293 8374
1945 3527
8789 7795
8497 6335
1561 7891
8136 4055
4222 4801
3815 1288
9192 1356
4394 8146
6690 1952
6721 1447
3220 7993
5000 6769
2148 5092
7203 229
151 7899
1570 6608
396 1952
7119 3799
3386 3338
5213 6109
1089 1446
327 6821
4832 2231
9227 149
7487 5180
147 4829
4637 5919
6549 9948
472 7896
467 2478
2967 7723
5054 1539
579 6238
9260 2275
6932 6554
2426 1103
190 2024
7092 5956
6967 5189
2846 3275
8720 4743
316 709
2385 5071
2946 3639
4586 4801
5196 6967
8435 7550
7087 6664
4122 7957
8099 6762
3192 2430
7325 3210
6058 3566
693 4261
5903 5915
2194 6224
1950 5840
4274 1762
8519 569
8424 5243
8239 7593
1190 7502
1651 2351
340 3871
3130 4642
2785 5930
8822 2817
4765 7668
6858 3829
3133 5046
5668 5550
9370 5484
9668 618
1123 4489
8752 2083
5193 793
5339 2736
4312 7518
864 4682
8718 4653
79 4924
4284 4857
9808 1103
5504 8605
2642 726
4998 2834
622 1977
7702 4312
4622 5328
7713 3337
5815 758
5129 2805
4075 1145
6324 6339
5690 224
5346 5552
4583 3291
7491 6006
9371 185
9437 5657
5221 6238
4506 1513
2913 2693
778 8445
245 5613
3869 7517
8785 8296
3117 7854
7262 4471
5771 4274
6434 1087
3456 4772
7260 6122
4546 2399
6665 8435
1210 6268
6649 7341
7269 339
9124 9616
2436 6831
4065 7628
3114 1572
5863 2167
4264 8655
1284 7804
1076 5209
7947 8920
767 29
5401 8996
2721 1397
4214 2967
8316 5373
6295 4226
995 984
7942 4928
6375 6292
156 5494
3084 2716
3647 6721
5372 9616
2068 1541
4605 1701
4093 4440
9423 1950
3568 2041
1645 1522
1718 3485
3 672
6443 7515
9746 4075
1964 7262
6188 3961
5760 6510
727 1216
3225 8921
8911 4998
6158 6821
6661 5884
4105 2753
5598 4310
7058 1441
4331 9070
1472 348
2110 3117
281 2150
7108 8617
8363 4091
6505 6390
3146 708
938 1447
8457 9404
8958 9976
6696 8593
8063 3971
3845 2174
1872 3413
6584 1522
597 995
7649 741
3164 1840
1752 6240
8156 3157
7469 2601
5941 2949
6875 6927
5478 6505
9961 193
8254 4546
8855 6224
3072 5414
164 5602
754 5600
8054 6798
6421 9967
4130 9976
4604 3518
4211 6437
2557 3419
3314 3961
9711 4394
8829 9992
2681 878
9323 2302
3837 6077
1389 8664
235 3337
3406 7120
9543 2687
8454 9356
4473 3741
548 3016
2529 1638
1102 788
2136 9976
4174 6886
9023 998
2296 9244
8561 4660
5269 8830
8760 7601
1774 2111
6028 6533
9453 2527
4286 4312
2048 8457
268 4377
8215 7631
6366 8659
442 4344
1857 140
7459 3527
2033 6324
5255 9595
4793 8503
4341 5913
849 6967
2581 3846
4579 410
4052 4752
6103 8028
9522 6852
4016 6292
7632 9374
6056 8853
15 7957
3967 2557
5122 3036
4323 3971
488 5145
2929 4447
7152 4404
5775 4638
1503 5190
1564 9455
9753 338
1896 2083
7476 5974
6331 2017
2490 6575
4336 853
9393 9920
695 9851
5782 5122
3604 3566
8926 1908
1257 7919
7889 7942
848 7889
9127 3649
661 2217
3794 4468
8803 3314
7943 2469
8347 2069
4183 4653
8144 7260
6183 6932
6061 4740
2060 330
601 238
9232 1603
9743 1746
6709 2527
8416 5685
6254 8720
9402 8432
5970 8070
8868 7870
5104 7176
1818 339
7077 1288
9802 8080
1363 6590
5503 3130
8846 7936
5774 312
5366 6426
4808 7939
4063 1728
1783 5941
2631 2529
5891 5923
5143 1522
7513 1562
819 4881
377 214
8368 4354
5714 4185
3899 6441
9855 9158
8357 5771
8863 2209
656 5131
4880 2681
8393 8749
9601 676
2820 2070
1905 104
1369 3
9119 693
8691 4183
9126 3621
4498 4052
5452 8981
2970 5840
3489 5289
4923 4745
8624 8002
5123 7151
4230 8208
7563 6664
4098 5717
8995 8133
478 6858
1039 813
776 5771
665 4036
9136 8300
4166 4745
7202 7041
5475 1145
923 2999
5887 3456
6440 9455
5712 2587
971 1563
6835 6696
1942 6331
3948 7202
1118 1564
1141 2662
1308 3229
3001 5929
8496 5840
6928 6821
2178 4887
6486 9601
7377 4046
3421 6390
4147 2249
5325 4095
1491 5269
8585 1692
5708 2601
5035 2718
7016 4591
2864 9293
9411 55
1420 5341
266 4924
4335 7960
8513 8749
8285 8863
9387 2160
8888 5919
3049 7949
3947 1513
2197 5941
4357 4016
7085 2629
2476 140
6614 9701
5185 2713
8844 8911
3596 6707
5674 1927
4539 303
6270 238
5025 6097
7897 3338
5852 8363
910 7016
2499 140
6738 2039
5265 4996
7622 7960
9377 7120
6936 5729
1427 140
6544 8659
663 1896
9194 1307
8912 2217
6059 6954
4249 7889
9449 7269
8786 2880
1969 9875
5789 6858
2447 2999
956 303
8167 3393
3576 6086
1912 6232
3435 5165
2049 2545
7917 1039
2118 1564
6163 2880
4120 5970
9151 651
6636 4808
8321 2164
5168 7649
5085 4327
7602 5165
3272 6693
6776 2846
8902 3871
1721 2141
9207 775
1267 4312
3262 622
2180 4052
3585 6852
2235 9126
1444 3768
64 8566
1229 1773
9009 1936
3356 6993
9498 8432
2938 3314
3520 3337
7233 4924
9697 9157
7607 2626
9886 9851
466 2529
4279 3994
1443 3846
1279 3604
5944 3764
1433 7016
9222 4335
4083 1919
2463 5358
4839 9193
7226 4043
7150 36
9472 9154
6290 9427
4931 9809
1160 2106
2438 3113
1301 427
7639 819
3891 5607
9405 4226
3311 2846
6637 3440
8797 4740
3641 7367
127 9106
1627 7563
5384 8902
1068 7936
9509 4237
3628 9948
3402 1668
6222 9160
8165 193
6009 2331
9980 7899
9 8809
5033 9411
7135 2060
987 2938
9504 4857
9609 5168
974 1805
6350 8215
8331 622
6102 6635
4736 6292
4815 5093
6196 6887
594 8502
5886 9387
5163 6492
5878 1964
1044 9100
7163 6052
6234 1446
4338 4230
177 3160
3689 2507
8937 3210
9475 6665
635 614
183 7702
6353 1069
7484 1057
8821 9490
475 8080
8442 125
756 1237
885 6610
2432 5668
2532 7451
8842 1189
2130 4003
8317 108
9040 7085
3136 5840
6742 9542
3574 1990
9375 1936
288 9049
2416 1818
5762 944
5934 6664
5335 910
6520 6738
2035 4055
4836 4833
6976 492
8415 5085
2513 5245
110 1892
2484 110
5049 1307
6526 8855
6668 6870
9238 7003
1104 9609
1482 8769
6152 6544
7569 2436
154 4937
5984 2718
9858 6967
3807 6290
6758 1902
8282 3891
354 3489
4907 2536
3390 7121
5333 7449
7013 2713
3739 3225
9155 4808
580 2194
5002 4030
2221 4660
3431 8873
7526 5903
3448 164
7874 1147
3856 9734
1660 2443
3676 3790
6888 3539
187 6158
6044 938
2993 828
1559 6584
9548 594
9134 1921
3900 4499
4734 9323
6128 1812
3723 1692
1717 8829
6703 3696
9286 7870
6184 2978
1175 3585
6088 6172
5483 1447
2169 4801
5327 4120
1494 4929
8217 7704
7787 107
8636 9948
6217 6888
3373 9194
7440 8813
1814 7091
6903 4746
5115 1444
7452 9293
7782 2846
8608 693
5751 1952
7556 6561
4170 7993
8512 9920
8332 5243
3106 4157
9663 7880
6650 2671
120 7203
8961 6934
2218 72
7493 343
181 6289
1477 9335
3443 8156
3877 4832
8252 7135
5179 6463
2101 316
3316 7903
1209 9814
3139 97
7699 1447
6064 6270
6274 5774
1048 5726
1490 1716
1853 8952
8190 6936
6359 2282
3897 7935
1051 3090
5 5463
2517 3918
4119 3799
561 8998
9311 4003
8069 7390
5257 6062
6471 7092
1573 3185
7953 4021
2585 3574
3868 9232
8642 7151
5987 2514
6688 9227
5039 3130
362 1288
3814 2499
3100 4261
4039 6712
336 9981
4701 9582
1220 7891
5211 2978
1600 6667
9684 362
6517 3114
6768 9377
8874 1812
9340 9904
6599 303
237 8148
613 5995
6490 9498
1361 6248
1355 999
6655 9405
7376 4872
5324 6415
9997 4365
6120 8921
2448 754
6171 5161
3687 4309
384 9192
2206 4149
5709 6667
8658 3272
1575 8593
1421 7957
4756 4133
8463 3335
4089 1888
1893 1165
6206 2949
512 8691
9457 5923
4672 762
8877 3272
4013 6575
8558 2897
5828 2897
7008 1446
2742 6954
612 3444
1702 7368
2659 1424
123 4391
9735 8741
7684 5724
213 553
4840 8830
1776 7476
3189 4075
6921 264
2257 180
1350 8327
3479 4157
6067 9238
4738 6763
9425 5774
6702 1321
4437 8229
7172 8665
7331 1562
2542 8585
422 4417
1568 7176
1833 6437
6923 9922
4559 2282
2725 389
5844 7269
322 1057
8134 9143
5813 3739
5920 988
7187 4577
2034 9207
4869 1070
3325 6116
2404 2004
7291 4745
9123 9194
131 6875
1014 195
3013 8393
411 1308
4162 6316
3848 5712
5877 1397
2425 9131
3914 8398
1779 1210
4947 2870
5820 2291
401 1376
6973 1160
8083 913
6965 6891
4400 4138
1670 2820
6585 2380
5064 488
9706 1272
7882 1774
2739 4230
2700 7754
7793 2231
4285 4449
9469 4274
7019 7622
9515 6290
4980 4887
1589 702
9865 3246
2951 156
3040 5317
8391 9118
7578 1551
8994 177
31 1216
2300 1120
3483 1393
4101 4539
7222 9849
3309 2128
1537 5974
4407 1564
9524 5751
228 7520
8946 4516
7761 4840
4565 9478
2502 6636
8806 1443
6347 8217
1054 3275
460 1551
9099 580
1729 6769
1008 4101
5765 1118
9628 3569
1269 2667
3028 9069
4580 5607
5766 8837
9762 3139
1972 8656
6422 8054
3471 9287
4796 9486
3391 6821
745 756
679 5834
4557 1762
2288 9865
8879 9980
9590 6856
6727 9209
4278 4120
8184 6061
7719 2221
406 6163
1479 6722
6177 995
8383 9922
4383 6492
1265 9066
8828 3735
3874 3845
860 8920
6646 661
6883 6212
307 7251
2606 4864
7590 6856
8129 4264
9969 2456
667 3057
4497 9049
855 5452
5922 9286
7267 1575
1860 7003
3861 5775
8674 7935
5187 2191
673 9851
4175 3173
4090 3689
437 2282
8411 741
4115 97
426 9547
2561 9522
7109 4561
8956 7607
5558 7684
1418 2587
1373 8460
4676 9049
171 1795
6079 6816
6189 828
9447 3560
329 5477
334 8853
1360 9166
9641 3090
4364 8099
6931 4640
3355 1102
3981 1210
7138 7008
5365 2433
1203 7203
4465 995
319 4095
9998 1189
8973 6183
3870 2456
6908 5189
8684 3971
2181 3814
5375 4226
6025 16
5678 7121
9728 8183
2710 867
4392 976
6000 429
374 5726
924 6441
3718 6182
4204 4605
1248 6316
3909 7962
861 3794
8212 2718
3280 4030
103 4983
2528 7226
5217 3246
1240 7999
1332 5879
1633 1979
9835 8594
5862 7632
2962 1833
9959 72
764 2431
9621 8045
386 8989
5759 8171
3782 2864
8102 8460
3042 9460
5476 758
2762 2404
617 2291
2979 4365
8106 6183
3847 1728
2909 2981
6010 8566
2107 6561
1744 8982
7967 1344
6576 2662
7559 7086
4451 188
4397 9351
5959 2257
2386 8780
3634 1771
6638 2925
666 8888
1546 3386
1690 7874
7254 2972
8008 1740
6373 2141
9368 5200
8384 4801
1065 4364
4941 177
3097 878
4878 6274
7686 1360
2969 2306
3976 2606
7627 7686
9707 2939
6704 6331
1606 3192
8848 5104
1058 6485
6264 6217
5450 4383
1071 9403
1107 3106
2861 386
128 9547
3563 7923
1956 5835
5467 338
9651 864
563 7628
8006 9118
1037 8144
6282 1783
200 2320
2330 5033
1594 6375
8087 322
5652 1952
9792 5115
2168 9103
2837 5903
67 3262
5939 8143
947 7174
6799 2513
6220 347
360 909
6909 4622
1017 2697
6900 5694
4514 7121
8530 7943
1242 1606
6964 3192
2251 617
5687 669
3412 2091
8387 31
6723 7434
4322 907
48 4249
1869 4900
8663 3753
9894 447
5440 190
9585 8664
2040 778
8404 2426
7183 2184
8427 4875
1862 3210
6879 5143
3509 9287
1526 183
9111 4832
4358 4449
9664 1421
7698 442
2006 5243
3414 3100
752 7977
6201 4144
9823 684
7328 2302
4458 8347
6405 938
5509 6988
9337 8946
5576 8129
2948 8608
395 741
3504 4859
9109 8665
3055 2945
8269 1276
4206 6667
2388 813
1164 4392
4247 402
5310 7849
6896 2649
6818 2499
886 6532
607 2302
9440 7372
204 3015
5605 4101
6784 8321
8562 5714
3091 2450
3652 1479
3745 8995
2747 1308
5958 9547
6275 3355
2977 7202
8633 1085
4524 2169
7161 2235
3228 6993
7095 2631
8380 6077
9078 9238
7133 6052
5003 3337
5833 8216
7455 5714
1149 7993
8510 1645
3783 6712
2931 6798
3186 7634
6861 5587
3658 6590
9176 447
2489 2681
9005 9449
5340 1301
1811 3419
3021 7002
6107 776
5043 164
8220 1132
1452 1204
3064 2636
3776 6415
8507 322
430 5717
585 3969
7076 3192
4306 5196
7532 9878
2576 695
7160 7226
8335 4447
6218 6505
8977 6335
4567 5352
5230 4565
6567 745
4751 6640
6660 5029
5012 2118
3076 5835
5858 8156
1415 2826
746 8295
3170 3944
4318 8393
9016 6976
7609 5325
5561 3157
3124 5102
9435 9227
2028 6746
3196 5995
5421 667
7608 5245
5889 5771
3850 9666
6503 6602
3997 2277
7961 709
7055 8008
4683 5494
404 5475
529 3435
8310 1107
5596 3117
9752 665
8884 1546
6864 8636
7039 411
9076 1103
9683 104
2213 7897
3241 8497
3930 7260
9940 9169
1172 4036
6828 1752
2044 5802
8359 3350
5594 3897
1656 6769
4349 3658
3002 488
4663 5953
3405 2006
115 4900
2121 984
4884 1863
476 3069
4111 8813
2007 1840
4602 8902
378 9922
2547 8395
7347 2592
4744 3768
5192 7422
1894 6183
7458 7810
284 1265
1459 2601
8345 7086
4503 1721
5787 3520
2139 9286
5720 8594
721 8184
9903 29
7308 5834
5260 1225
3202 7518
4300 3994
9320 4190
694 7183
1454 2548
6285 85
1878 1087
1200 3479
5308 2005
8509 154
5406 5428
1091 6650
4531 131
6166 84
2590 5716
1478 5189
9520 6727
3922 6550
7014 7119
3371 2469
8814 3741
498 4631
5119 6879
2772 6212
9294 5385
4381 120
7606 3657
5557 511
1965 5150
8340 9458
9215 4133
6515 8799
5525 3837
627 5058
8288 9595
252 3783
328 2557
1119 3314
1880 3440
920 9127
8637 6667
4433 7092
7665 2257
4625 4361
7396 3114
821 3702
6963 6189
5381 3768
8543 7092
8755 6963
5749 3764
5666 6152
1252 8502
9820 1936
2410 185
2259 5440
414 8106
3937 2972
1110 6892
2998 3563
4767 1779
2225 8184
2314 266
5460 396
4951 9094
2088 2004
2445 4392
221 1267
1315 283
8723 1242
8176 944
6417 5657
5621 7141
1907 1776
6999 1301
9736 6196
8784 6251
6726 4734
5087 9294
2841 7150
5701 6608
9385 130
8304 9869
3441 6166
2451 458
6521 4878
3068 3569
7158 3807
75 5187
2342 1076
8545 5934
8714 318
2611 5765
3665 3205
6439 8958
640 1649
5821 5886
6247 3711
1622 1237
5810 9490
4723 3231
9181 2168
6053 612
8203 3272
4150 64
5105 709
7807 3117
2996 3230
2013 4297
6850 8087
4850 8803
9648 6888
2955 7120
3223 3057
94 8108
74 1200
403 3621
1380 5115
1021 693
7430 7420
8493 3596
3812 3084
9604 5889
5881 8083
7728 7761
6214 4436
3661 5777
1468 9324
4342 9998
7098 15
3481 7377
4168 3789
7228 3456
9694 7896
1815 2076
1664 3850
555 7810
3018 5384
6024 1754
2497 8269
8036 67
6717 2202
4221 6883
8657 9735
1822 3569
1688 2880
3383 1633
1519 3223
2538 5269
9715 5820
1604 9697
3089 6194
5066 2428
9926 3665
7881 9327
325 8159
2241 1977
9342 944
9482 8063
6890 8844
2580 9160
3155 4075
6343 2960
8609 204
5194 3657
7096 2547
7481 1672
9713 8493
3257 2969
6205 6738
8554 4586
1246 6086
4654 5525
3467 8133
3436 4660
9937 8842
9626 3739
7177 5366
893 3649
5443 6704
5578 8361
3710 8958
2776 5708
8194 6852
4587 1503
4825 6903
9001 3196
5743 4575
9348 6892
9630 7014
1917 4036
2126 4753
7489 8846
8774 2291
7230 5092
63 8621
7959 1863
7048 4514
1953 9537
1080 8108
6195 5760
4125 1240
2510 5224
7073 6870
2304 3850
4443 8780
6789 1459
1158 2351
2094 920
1218 5352
2643 4736
9110 7372
5979 180
3601 7260
5067 3002
3278 9929
3394 1110
7379 668
1281 788
257 4090
7038 6643
9360 9377
7046 1863
8421 3621
4410 4625
8812 3604
1042 7596
9392 6726
5032 9536
3618 2034
9953 4680
3786 386
4435 8877
3271 1021
3065 4589
399 479
1992 1218
9101 8387
6764 4345
6627 3104
7089 693
7082 8167
8264 6020
7778 2497
9239 2445
5892 1746
575 2510
7952 2157
8158 9005
5619 1248
7828 6232
2953 8373
4570 4344
9592 50
9316 8989
2544 2028
1052 8316
8348 6077
6395 9199
2457 2720
4882 8398
9159 2513
4831 3601
6207 7302
5024 1681
9564 3036
4818 7596
2151 656
4938 662
5996 7254
6161 5359
5567 7109
7573 31
1634 6189
1497 752
5933 3997
6570 343
7059 6347
8284 5190
8649 5002
3530 5087
7215 726
4299 4392
9501 9579
5808 645
732 5949
1674 1229
7911 5497
1970 6535
4077 4751
8488 3764
2465 7054
9295 6875
9003 8335
4193 8321
9669 5922
7223 6618
7506 3471
2293 976
2854 2713
3030 4115
9060 521
3905 5467
4999 5477
4508 340
2832 1252
8249 7202
2071 5728
3894 8543
7603 9158
3726 6437
8429 754
7825 3501
9421 1625
6048 569
7334 1622
5961 5401
4798 4656
2625 4043
6174 5185
6110 752
5867 7291
469 123
3470 4190
6227 6194
2888 4923
8182 6088
9431 5067
8386 947
258 8786
1757 7723
5297 783
2240 5189
7791 9841
4562 3735
3734 5878
1923 3829
779 8594
7175 7601
7766 9741
681 6585
7200 9648
9495 4542
3125 2606
7669 5333
7380 6405
6899 4846
6038 561
5745 8454
1565 2620
3586 1552
5556 4638
355 971
9769 8946
1820 4801
9863 3169
5628 318
1989 4083
5529 2213
3251 3350
9418 4931
2232 3230
8670 4383
2733 9646
4866 7600
5489 8512
6930 8969
9195 2184
8451 6649
1493 9808
527 9502
364 404
3980 1158
3361 7251
967 2476
7925 7331
8407 6963
3581 2013
5633 8304
8462 316
9674 8198
1090 1656
3324 4166
4031 2094
6943 1373
4777 3360
6546 2628
2602 5996
8056 3897
1834 5358
5315 7161
5223 180
6996 8636
3679 3790
2357 3314
3954 3355
6684 396
7159 9054
8255 2576
2480 9009
7431 3240
7033 3121
5360 7719
5796 6398
1025 120
1125 8774
2129 1209
1810 8162
6926 272
4494 672
7180 6602
1157 4514
3913 9537
8060 6847
1610 1356
7964 8496
8597 4458
2486 7550
4182 4909
1339 1424
3936 3523
811 2194
8218 9802
6959 5602
5001 1681
1471 9998
5566 1604
165 1252
5625 5105
5638 1433
7926 1526
9319 2028
1566 7475
9086 9166
7463 2700
4694 5877
5742 1879
7429 8069
6898 9766
9339 1069
5342 5933
1858 7891
581 4091
6187 8282
2520 6858
4893 860
4757 832
3780 5197
8019 6818
2417 1070
8589 9648
1062 7152
8805 2041
3571 3850
5816 2847
5456 1622
5296 5375
5392 9582
2297 110
3284 7952
122 4595
3088 486
2318 4328
3274 5713
1108 6816
1004 3527
485 7306
1733 8538
2109 7977
5134 5720
957 4328
2773 7911
4779 4175
3591 8391
4353 668
4271 3639
6423 8920
7338 6405
7383 4144
4651 7642
701 5090
9344 9155
3666 8454
9974 2049
2877 1017
8520 3358
3606 2499
4707 5945
9085 399
4671 3764
6095 8216
5439 322
4128 8512
1828 4653
6777 6503
1437 7573
5402 3117
8467 3846
9353 498
6198 2948
4865 9992
9906 2837
558 7013
6924 5945
506 4157
7391 268
1334 7430
3439 1589
6216 7896
9988 1376
2492 5951
2615 1444
9598 2548
2344 4658
3221 4286
4628 2514
4173 3206
8917 8594
4659 1107
8178 754
5088 4182
7190 252
9529 673
9168 8404
5732 9475
5183 607
573 7226
4414 5771
6204 1220
883 8216
4291 8304
1595 7942
270 4046
9439 6360
3502 855
2702 9478
6461 789
4844 8830
9539 43
3363 7602
5103 878
1996 7520
8227 330
8075 6609
4047 4583
2198 43
8722 8070
4080 8735
4603 1186
1337 7475
3475 3658
2234 9295
8062 4221
6737 6232
2207 6921
8168 3780
8820 8148
5630 8036
1333 2040
4450 5979
4340 7440
4566 1200
7837 2417
8174 3008
3731 6584
8266 2024
6433 3783
6228 3566
5409 6163
8734 2291
2338 6968
8823 3699
3838 2999
2363 1164
6753 5987
9868 558
4530 2445
8490 5650
5653 9577
5350 7046
587 1857
2089 4640
4040 229
4395 9520
4529 1132
3633 3861
5905 645
9724 6712
7471 2842
9760 1936
1261 4080
4184 6636
3683 8310
8474 5007
1885 1985
6169 7341
2140 6649
620 3948
2728 9651
6547 7870
2056 4751
142 9903
8575 1755
765 9213
1883 4353
3787 1621
9939 4075
6782 971
2227 2385
6403 3113
9007 8621
6402 7837
8631 3868
9775 3683
800 5879
390 2126
5786 2456
2031 1190
1678 9340
7753 4349
1009 4671
4411 2236
9531 4336
966 8474
2114 5209
3659 6546
2108 272
369 4447
7907 7331
2836 2037
6296 9482
9726 9232
5302 6086
2519 8812
763 3731
7805 9455
5276 8488
9164 3696
3901 7260
4806 4539
4272 195
2222 7606
6255 4882
7570 3650
4034 2871
4388 9435
1667 7926
6311 7390
4042 8460
5097 6638
9313 8868
9187 328
6462 8597
9600 4105
4986 4285
5069 1068
7445 2978
8248 103
8082 7590
2343 4033
1766 2894
845 9152
4359 5163
87 4793
1348 6422
4547 3891
4731 4338
1410 6357
9854 8663
9333 5970
894 1954
7604 4449
8622 2781
8742 508
3259 2832
3970 3
4614 966
5838 4651
3830 1575
1404 976
2976 6764
7664 7793
234 9592
8365 5456
825 8174
5268 7163
8236 3731
6786 4947
2124 5745
9845 1452
3879 2296
8906 1779
7343 2108
9025 2433
3211 2028
8882 3278
9710 1693
4552 2076
829 5190
162 6222
8849 9340
1832 3628
4807 858
1408 9455
1358 312
8101 1603
4197 6750
6460 5200
5695 2302
9682 1923
2279 2700
6950 849
3788 553
1448 8926
7894 1694
3156 612
7122 6544
9763 1996
766 2482
2230 1494
371 7200
7557 3894
8086 9529
9817 819
9063 7073
6994 9244
843 2620
2255 1566
1792 348
8371 5838
4581 4013
9916 3930
3878 7702
5060 7059
7007 4336
2802 8291
4942 427
7689 4625
3512 3467
4657 185
20 6584
9698 5489
2382 5350
8243 5762
5754 1165
9688 7849
9275 7936
8974 7640
9345 4185
1405 2636
8 4680
6302 5738
2238 5483
6897 1952
7876 6723
6956 4145
7010 4395
3728 5596
4022 7659
4509 9906
826 5002
3915 1563
4262 1158
7234 8332
9200 6398
739 9953
7482 3362
6401 3606
278 9609
6021 3154
6004 3479
8431 9531
6178 8045
6051 4864
6014 9948
6837 4464
6941 4091
5744 8229
538 3918
8773 5199
2317 7251
6273 5889
3534 6661
9413 9648
604 8772
7017 1301
6757 6590
6974 8625
8792 5192
4006 3280
9122 3689
332 4931
2924 7150
8337 663
2053 8998
8802 2414
27 1815
588 5150
2339 4090
6135 729
8779 8266
9983 3591
609 6077
6364 4947
5752 8
9059 8742
5582 4631
2010 6704
1345 8108
844 8928
5597 6088
2732 6996
5492 3406
9297 5093
8567 3710
4038 2951
3352 1546
8068 6712
6185 3815
1335 3861
8458 2774
6715 2076
3553 4409
4270 4857
8141 8458
7404 9684
6894 7570
3924 3390
1521 4144
9443 7578
5911 8282
2409 9601
1913 2668
670 3869
3319 8691
9583 611
8043 6373
8169 6165
7088 6403
9819 867
9956 2269
4954 5208
8197 6206
2395 48
4600 5986
8325 9297
1016 5046
7758 4818
2220 3735
523 2837
5778 7306
3653 5257
4445 3173
1538 2846
3946 1818
3778 7098
915 6004
9170 316
1777 9914
3654 3838
810 9792
4685 6892
7884 7649
6111 404
4794 1552
7081 2318
5989 8655
8477 5129
3287 5373
2093 1522
2294 9817
5059 8249
3433 1433
7465 5187
8277 6943
1060 5360
2595 1454
211 8566
5403 2785
308 2544
3166 2836
7671 9916
5275 4122
2511 9294
3632 3280
8152 8773
5485 2207
3500 2718
2523 8792
9114 5844
5282 1356
9840 399
4239 8184
5101 9353
3258 4680
263 8633
2531 8720
1467 1272
5263 1433
2726 3621
459 2544
7626 9865
2900 171
3625 2492
5416 4193
8367 8433
7444 9169
8859 6331
798 1462
2054 4211
3417 665
5215 569
4572 9524
2196 362
2491 1888
9607 6931
1161 1921
8029 9894
1626 1189
2461 476
6651 4323
5931 4021
630 9319
8132 2636
1407 8457
5769 6218
8358 2339
5075 1564
9274 4753
3109 5055
1126 9814
397 8532
9203 1956
7853 1161
5374 6061
7867 3572
2162 708
6123 563
624 4120
3648 9715
4448 4080
1605 6665
544 8774
6518 329
2057 2296
6022 5985
9180 3581
6003 2728
1652 3760
4099 9684
7403 9049
225 3815
757 5341
981 2931
5899 6077
4908 2727
9318 3772
352 8404
439 845
4690 6401
2553 6347
5459 7372
3235 1812
3826 4772
3279 3901
499 3489
8484 3443
5521 1422
5684 4425
4236 4075
3844 2114
3077 5852
6512 7464
2329 3475
3081 3231
8819 7828
790 5054
932 6421
7227 3161
83 5886
7552 8585
937 7404
584 4581
7768 5370
6002 465
5458 4561
7504 7133
7820 7232
896 4297
2335 4651
6528 100
4641 4884
5286 6699
3428 4236
6557 8183
8437 8332
3643 8655
837 7441
8231 1776
7653 2209
2383 1604
5248 7458
6098 8823
76 1021
862 4383
8987 8520
3559 2124
2479 6184
3420 1462
649 7572
7538 4471
53 8371
3813 7828
9226 7962
5948 5863
6495 1472
4308 104
7154 2747
7099 9344
4427 5743
2881 27
4974 1057
970 225
6055 3967
4711 569
564 1606
5044 5370
3508 4099
1719 6941
8599 2773
2003 2071
8536 4651
309 5463
5542 7913
6754 2357
3570 9663
6791 3490
4721 3787
6382 7141
2767 6547
1352 4468
6154 6475
8273 762
3862 1479
9246 3739
1135 2213
7313 336
2002 5339
2824 7471
9561 1818
4333 1575
1691 4536
7205 3257
7327 7014
5229 8877
3757 7008
4897 665
5841 6038
9484 118
549 2385
2797 2083
8449 3311
6087 4115
9080 9099
3832 122
5656 5958
1798 4395
4748 1573
6951 8282
7022 6216
7103 2070
980 6870
5622 4831
3115 9099
4778 1692
4976 1917
9388 9060
7743 7226
3224 8773
674 9192
2364 579
5508 674
4674 896
2078 7502
9731 3170
2471 8589
3333 6165
6806 3761
5023 1424
3162 7041
7829 6896
4927 9817
9428 3427
8073 819
6114 668
4213 9956
7240 3001
2691 1057
3075 4075
5170 2197
9873 3284
8896 6544
7741 7754
5050 430
2682 2553
8423 7173
8518 9648
8452 7202
4894 6242
1747 9398
7610 9377
9859 3235
9842 8062
1317 7795
1560 4417
9289 8019
1532 5494
8378 9189
3748 3279
9560 6721
6066 8702
1138 3586
3234 1339
3908 4818
7479 3350
8206 1218
2851 7089
4985 6220
8908 8519
1933 1301
1403 6900
4245 1164
6037 7504
3464 20
8736 6182
2698 2456
8276 6627
7909 584
6310 7573
2537 6655
5885 3485
2372 6044
1536 1104
9426 832
4613 7226
7617 7791
3227 585
2223 8043
3051 5058
4280 845
9384 862
2558 7947
7568 2631
4141 4557
4475 7702
9540 867
8584 2682
1438 1774
1372 7686
8695 6840
5750 6338
3584 2580
7034 5501
7721 4954
8508 1672
7871 594
450 2364
4502 1132
6822 5229
311 2900
9461 1267
9161 2235
4950 8868
3851 3155
2983 6570
2281 6447
3693 4435
633 4313
7535 966
8949 948
9880 9814
5205 1186
8944 7103
7500 6123
3256 606
2863 2070
5301 8929
89 9495
6308 2241
1736 5103
3656 7889
871 1103
5850 8176
6695 5092
159 9735
6145 910
5412 5276
2987 819
1329 920
8638 5979
8753 6324
4242 6546
8687 729
3561 2580
6998 4452
1796 8562
8482 2044
9015 8106
4966 1526
8053 7041
482 6486
2072 4559
6225 4531
4856 9375
6156 1717
8299 6594
6046 8969
3123 4779
4251 4425
9642 6876
2098 3886
5474 8507
5021 7943
2570 5043
5446 1090
5896 4587
7015 2519
7193 4516
7792 6923
8746 3915
9896 9157
2362 2060
5683 4242
3019 9504
4160 8448
964 2483
7748 5720
6137 36
7483 7377
3144 1752
1918 8108
1078 369
4704 7559
3933 3089
7132 4039
1312 348
3212 3390
9074 479
3592 1070
5824 5302
7188 9227
6605 564
7407 8510
5917 4836
2692 6224
7516 1567
6090 3334
9325 6948
1785 3976
5991 4272
3544 6214
279 5716
1703 7420
3975 9976
7439 7232
239 8416
2524 6661
2986 6111
9148 2774
4044 5467
9043 396
5220 8462
6209 1437
7994 4245
5614 9368
2932 5442
6652 2951
8034 8877
6834 7085
7065 7003
7021 6028
5910 9585
7321 1811
4541 278
5117 5416
304 1869
1680 5690
7206 9752
3474 9159
6235 6025
7051 549
1508 5821
6352 752
2572 9998
2966 6463
760 9426
5326 268
3872 5820
5616 6181
3357 1977
1341 4111
1577 5542
8836 3023
1007 430
8163 5701
2103 748
7579 4115
178 1428
5624 5392
8615 4654
7564 5119
7895 1853
5081 3109
7755 8231
9230 1098
7315 9929
7446 9893
7006 2739
1588 4278
7863 964
4700 7569
8161 4937
3818 2981
2423 8624
1686 8467
8711 6769
7381 6183
246 164
4728 4658
6952 1531
6054 6709
6329 1060
3932 3230
71 6835
7706 340
8189 915
8012 2951
5473 2897
4422 5713
8963 8310
5993 5674
7932 3160
5306 2830
912 7849
3802 9455
5413 7234
4722 6111
9892 3652
2370 85
1616 8395
2470 2970
292 3413
9369 6324
9182 7936
939 5905
3536 131
7770 9070
9055 9304
1331 4021
4252 7054
6849 7854
2042 1321
8627 8624
6243 1970
8547 6123
1251 8216
2568 2257
6070 9151
6294 1672
2203 4291
9908 2329
6211 1562
8425 7828
6406 5035
4828 4529
2789 3056
2810 3448
5577 5102
2758 2372
7248 6166
8170 3471
4050 6719
7104 6628
5591 8547
1453 6628
5259 6120
2032 2431
1268 5911
1113 6201
4555 4000
4246 6899
4971 3321
8804 4658
4724 9496
5523 2832
6291 8075
4356 4125
5424 6224
8640 7986
8883 4531
5512 6870
9839 312
6907 4261
9879 8877
9185 1562
9306 3760
6772 711
23 3051
1399 5035
5554 3768
2884 7291
4507 3136
4196 6218
9048 9161
3593 6461
8336 8735
3379 9009
7576 191
7784 8019
4114 7316
3142 4047
2912 2314
139 9734
8706 5941
4763 9086
4459 9495
1092 2220
8535 8513
433 8316
5244 2425
4302 2383
7692 2536
8455 8846
8833 5769
7958 4322
2392 7422
3642 1008
2149 384
2333 2767
2371 5347
1074 981
1745 7656
7851 5196
9006 5865
4374 976
7213 1595
5702 4815
3750 2884
7737 8547
7739 2191
9089 9735
2771 3258
28 8331
6203 4211
7128 8647
4385 1041
8074 3189
2166 663
9008 8848
3469 3731
2036 266
8934 486
1684 5760
3176 9628
9204 681
3418 606
2354 5742
4511 8961
5005 2784
7053 4130
5505 8273
2917 1898
4662 6610
5579 2126
1384 9215
205 9879
9390 8252
4553 4908
6482 7504
6689 6053
9196 3578
1614 7721
3288 9817
1648 2351
5837 1633
9534 3531
6538 5820
890 6900
3619 6110
9108 6185
1697 7476
9829 7851
1631 3837
4681 9746
358 5939
7093 6174
3664 7002
1618 6296
1598 7387
4103 5255
9153 3406
7497 7306
9573 9015
6034 115
7858 6220
9717 6590
3218 1559
6583 2240
7252 4531
2001 7649
1875 960
8173 7479
7115 4022
1698 8663
8281 3084
9593 8386
5626 5129
7256 5373
3296 8934
9144 1132
7242 1459
3910 338
9984 7699
471 3994
942 4996
6349 9792
5247 3601
7757 8621
8324 3396
5672 429
5074 3490
873 7631
8498 4449
9208 3997
8259 923
65 1240
8931 4555
6766 8345
5722 6827
141 1522
3473 478
4964 9319
9836 2174
7694 2969
9296 7766
3841 3467
7044 7770
1316 8513
2283 4682
5927 9048
82 4040
1789 9731
2183 984
1055 3584
6162 9682
5062 9959
7374 8141
4785 4844
917 9101
2997 8165
6607 1424
8521 9663
8586 8173
289 4941
4461 2480
1485 4499
2670 9294
8388 2031
1006 5934
1254 5352
619 7957
5432 3946
1995 6707
9438 5650
9417 8288
3178 4756
7450 2109
2325 2997
6560 3092
559 8387
2930 4740
1130 8562
4597 4583
5747 8784
8870 3042
6676 437
5924 7578
5204 2692
3717 5884
5805 5424
7004 5625
1371 1894
8500 140
8565 5742
7326 5049
9949 4057
2391 1008
9559 427
2000 7749
8976 1733
1817 9939
2898 2900
5560 7628
841 7372
9107 3390
5664 5579
5869 1344
3575 4704
3538 2409
3326 6684
8590 4746
4268 3259
2647 6054
782 971
6389 6183
590 43
8930 8252
8456 9238
7764 4022
8057 8106
9519 7343
1106 585
1086 8316
2407 5677
4229 1814
6043 4931
5545 6264
7588 2395
6687 1908
5307 2490
1286 2502
7514 1936
7683 9371
9782 7321
5336 6475
6539 6825
9424 7649
138 5585
8487 508
1117 6360
2942 6503
8024 4746
9968 9841
805 6580
7068 3418
1710 601
7920 4589
6588 196
6281 8509
1819 5840
3434 9579
7575 67
1994 6056
8077 8803
6534 544
5408 5784
4405 87
5232 334
3454 3235
7268 6365
5654 7431
5864 6712
4841 3212
3759 7374
664 7152
921 2056
2794 9260
616 4861
3828 7907
8494 4047
3267 9564
7184 8167
8825 4395
3299 9103
623 4099
2464 3826
7582 2824
2201 9763
8015 594
1430 5842
409 2917
8039 9601
2823 2277
8142 6405
1012 3914
9574 4352
6698 8784
3437 1393
8372 6607
5890 4579
5569 3223
7134 8227
7153 8590
8093 7172
6606 8387
817 8981
3108 3936
5809 7200
4164 5432
2518 6285
1498 482
297 974
3270 651
1685 4980
7204 1312
487 1447
2375 8977
8314 7241
2744 7964
7284 4213
1846 2728
9611 1210
7231 6201
724 2388
8592 7810
2308 5302
4 1664
4549 2227
5900 2382
3233 4566
650 7977
835 8870
5635 9841
3590 9976
6905 4572
255 1559
4979 1508
6748 5105
8000 8952
2569 9260
1761 1567
2401 4080
2995 4138
2475 6095
8537 1092
7067 4141
1520 6161
8984 5414
6925 1519
5154 7754
7157 5339
3690 8853
3989 2456
8740 4597
2211 7014
9705 7825
751 6279
4073 3745
6885 6350
3912 6988
3719 2900
5166 2767
3630 9879
9770 7579
9491 2277
9415 564
6713 5504
3017 4222
8666 1550
6430 3590
3359 995
9220 6676
91 7209
9754 3076
1466 2318
7275 3160
6385 3256
8330 8879
5510 3235
9419 966
9396 8617
1713 9754
4644 6864
9930 3623
7220 3924
602 364
780 9374
2722 694
6848 8886
2379 758
3487 6087
3103 1526
9487 956
8795 6927
5022 6086
6361 1604
8033 6037
1259 2572
9270 570
593 9413
4401 3794
6522 1009
4109 3240
3517 3719
6380 1990
7118 5850
1457 7626
5149 8340
9364 9741
2754 3106
6176 7205
7744 8937
5829 2484
7759 4881
5845 3202
7984 1017
551 1337
5017 7799
4749 7791
9527 4662
454 5014
4457 1511
3300 1888
698 764
1906 8099
7238 7684
6680 7778
8360 1332
2694 7152
949 9048
2593 7103
3208 1403
8199 488
8014 1422
9758 8496
7774 5065
1238 5752
8924 1648
3372 6806
1939 303
5950 2720
357 7014
9635 1497
7840 4531
8492 8931
3622 2128
7836 709
707 6390
5946 103
3956 2191
58 8384
7523 8594
2063 8774
6562 1362
8630 949
9947 5896
4210 8398
1143 5064
7063 1828
6685 8561
18 7331
8027 2568
7402 5778
1753 4836
356 9293
8648 3274
220 810
6428 2527
5768 5786
1597 6646
2613 3490
6694 2088
6367 403
5671 255
9299 3937
8010 8074
3670 8664
6631 8825
4041 118
4795 1882
904 388
9951 7491
4933 9390
4110 9724
8412 3
6672 6631
1602 1559
7274 3726
2991 2282
6304 661
9970 9313
5486 1386
3450 6044
5733 348
3917 2383
2115 9711
2748 5352
5098 1141
7968 1490
1469 8761
2788 4469
9958 1694
3261 1626
518 9222
9056 819
9145 6014
8604 2754
2366 6719
7360 4252
4355 4719
4081 10
2132 9114
4472 8718
4550 3923
7028 8739
6504 6535
9813 2119
6612 2771
8175 3487
3804 439
5564 8484
1705 7264
2262 3435
1178 4530
6780 4672
5992 5317
3045 2126
9657 3287
8204 4637
9888 1078
9677 9204
1849 2217
7437 1950
9381 3115
9704 9736
2907 4327
940 4634
6810 2269
7998 1631
1859 2649
9834 7653
5581 8956
3958 1156
9079 6963
7937 8779
4140 3069
6153 1840
4314 2846
6639 6856
8481 9668
5139 3469
9696 4397
1319 7095
946 7600
2503 3971
8271 810
8232 8249
5753 5380
126 5709
7695 8842
4939 3690
8258 8138
3426 5536
8356 8804
1027 9398
6099 5762
6012 3291
3389 3976
5969 8836
1159 9003
903 1625
8233 1567
5172 3235
6725 6304
8916 6232
9587 630
8515 1259
11 325
6042 8045
7490 5786
7288 8337
5725 548
8601 4041
6760 8276
3777 6395
3673 2221
9580 2169
3978 4575
621 1104
8559 4459
9973 1060
9190 2218
7595 4381
1000 1078
4598 4561
5287 5924
5364 748
5267 3980
451 5995
7300 4182
169 6158
1637 7689
1035 2191
4108 8961
5036 9294
3542 7240
4189 6009
833 4605
8506 4394
7714 2938
2009 492
2676 1085
1488 987
5693 1537
4428 4600
6261 1300
5731 9169
3119 650
6121 5676
8257 8883
1184 2965
3931 2063
641 6051
6351 8995
3058 9421
5965 9048
1406 6610
2075 860
2192 9213
7470 9534
6344 238
3380 6724
6132 5523
6797 585
5793 3124
6142 4403
7672 3534
8660 4040
5125 5075
5159 8062
9363 7014
2029 7068
7954 2141
9535 6505
7097 6896
2512 9561
2396 5548
4496 7302
2405 8431
9268 4887
4973 5743
7751 9443
4283 3205
1181 7603
2575 138
2562 3559
4879 745
2345 4229
1401 5122
96 9309
6369 1795
2412 751
5804 1491
9987 1736
2256 3694
4421 984
2559 3142
5954 2507
7940 9170
2082 3437
1615 4907
8109 7684
1528 2805
1026 6215
2055 9626
8943 2537
37 6888
1097 388
784 8460
3827 2013
6164 5747
5249 7853
812 2024
8778 695
2080 3813
9796 588
4054 8921
391 5536
6573 6742
5040 3475
7555 7764
7287 7343
7171 8324
7507 1335
1500 7937
3873 2053
4243 3287
6788 8599
868 9340
4378 8332
8970 2486
7803 8594
9575 9230
7179 7068
2543 1319
4116 9901
8440 3813
1983 5340
5507 4196
1640 384
1891 7372
6624 1119
9466 798
4972 6375
7405 3852
5006 5782
6839 1491
6424 2342
4056 8086
436 9109
5038 1840
5994 1753
6792 6858
8788 4974
4563 1329
9568 5539
9488 8273
7433 8805
7736 7248
9957 2414
686 4286
6498 1526
4684 4942
1034 3586
1105 8158
1166 1603
1470 7193
9429 8276
9693 7911
2916 6102
8187 5556
5309 4905
3916 87
8765 1472
1836 7425
9263 79
692 331
3292 5309
9399 2330
6940 8462
4265 939
6613 8687
4726 727
0 1552
3898 9157
6278 1331
5084 2293
9095 6703
4664 4622
3554 2514
4635 2628
4978 7465
434 7841
891 224
9365 7360
5860 9306
9603 9601
7938 5657
5357 7909
189 3967
7066 9003
232 8425
1696 6554
4269 5626
9716 2487
4906 8687
2105 1361
9422 8158
7562 91
2117 766
7131 5508
9722 1494
3331 573
6106 1108
1867 8333
5972 2472
7565 7782
6454 1863
2353 4640
8688 2068
905 6532
8555 6014
5817 8500
3237 1490
9811 1406
2369 3211
4630 3826
4917 2223
7144 9585
9291 2291
7638 8087
7454 3908
32 1674
2427 5966
3265 3224
3465 268
9347 5098
9451 3972
9773 1688
7253 2117
7802 3139
202 9509
3705 2315
2313 1538
326 4145
1357 4377
1784 3227
21 2031
8872 6886
7486 5012
1381 2091
8394 5970
8945 4147
2990 7066
5689 5793
8048 6954
6654 7807
3364 7239
4981 492
755 2342
2358 1356
6735 9743
892 141
3674 8304
9571 4194
8030 7671
8808 7764
1224 6698
2630 8786
4774 5067
1148 6708
9619 8258
7524 79
3099 4464
9824 9829
3307 5889
8550 1462
906 8830
9861 906
2210 356
7211 7501
4007 1381
3147 1746
7258 9413
4858 2210
9691 4587
2709 5309
7280 4973
5692 4637
3996 5505
6829 7150
4177 9415
8935 9486
7842 3091
9041 7203
3938 245
9217 4342
42 3897
2161 9365
9186 7706
7816 4353
5140 3262
3680 4400
1530 6980
4899 9107
4273 6852
4305 921
8065 6988
9386 433
3476 9306
17 9579
4803 2794
8909 2069
1502 5996
7224 2733
1236 9929
7922 1117
5665 7402
4454 2241
4275 9392
6378 4858
7886 3383
4705 7234
5469 7224
5270 100
2540 3550
4935 5022
5130 4175
5612 9635
9866 246
2677 1733
9812 3274
2588 4638
9096 4285
3796 5774
9301 4206
8511 5180
2984 3231
6081 1634
824 2002
8009 4361
3990 4318
1311 7669
366 6028
6844 9926
3985 8631
2711 8182
4838 2774
6961 6613
8153 1308
928 2333
8758 9099
1131 6792
4805 5342
4901 8642
7818 5618
7000 464
8376 8033
9551 5695
8549 3067
6146 2476
4225 7452
5727 2869
3903 8043
7263 9009
7861 5784
6741 1027
3607 9333
54 6606
242 3055
8800 8000
8219 3787
302 9601
2322 1539
5857 7923
7647 1684
361 8282
3415 9457
6327 5550
5095 3628
6488 3509
9336 800
4912 8758
3651 2037
5037 9904
4545 5095
4843 1241
8283 7841
2408 9076
2674 7851
5901 2978
4830 238
9298 8519
315 366
287 5229
1053 9475
9768 5485
4152 7737
6662 7899
5426 9834
887 7215
8654 1716
5513 8425
5397 7668
14 3782
8118 9973
5528 6403
5894 1736
5162 7751
3503 7483
8151 2006
8140 492
8346 4286
1496 3643
4201 6703
8619 9603
6483 8482
5076 9195
179 3275
2644 3414
5219 6048
3014 82
5493 6087
5967 9461
1202 9736
814 5304
8402 1087
2627 7572
9905 8151
5383 5105
7024 9078
4142 1406
4668 3659
777 7517
207 2507
9712 3932
6787 2774
186 5265
1749 5862
167 8189
2146 3490
7477 1404
4649 2830
1608 6835
1884 1490
2944 4449
1367 1894
8980 9371
7527 211
2455 7940
3459 571
7908 9047
5767 3212
4948 593
9300 1488
9133 1892
1914 8383
6078 3899
8213 1562
2911 8069
5234 8198
1850 4083
568 2627
6467 5777
4148 946
9002 8829
3207 5483
1183 7695
3138 1405
6083 7581
5736 3262
6541 2121
2973 5816
4123 7881
7453 9158
9334 6385
8606 5443
1582 4120
9258 2914
4823 1068
4181 4598
1461 1568
599 9458
341 9423
445 5769
6819 339
1385 225
7050 6766
5207 8946
2321 6899
631 4951
3216 4768
4379 4605
9882 3224
1124 65
4804 1117
685 7000
1112 7935
435 7019
483 5117
7148 8836
6267 395
8489 810
4376 7559
1756 6187
4334 9258
706 4638
4441 7803
7094 7840
815 6899
9315 3549
953 5375
8122 3251
8400 1470
9269 7986
57 8687
5472 890
7339 6302
2952 4844
5682 883
3238 3818
2696 2701
6677 2568
5634 1705
4137 6285
5293 9100
7472 7160
1821 6875
4799 8722
1214 6022
8713 9009
6502 2674
3535 7263
4195 7253
9162 1872
2415 8937
4782 5609
5781 4746
8026 1381
3506 645
9921 1444
8181 94
3457 613
6990 9920
9589 8497
4481 2178
6466 1853
510 1519
9278 8916
699 2457
2641 8920
1794 4923
9057 6474
7738 6952
6997 4813
1540 6014
7636 6988
4992 980
2189 4864
3612 9959
244 7204
2565 9054
3351 3434
7112 3360
1764 9760
7208 1105
743 7161
2890 8589
5593 862
3243 1859
3449 2448
3999 8148
6108 5185
3343 7427
7417 6251
4102 5767
2761 4340
6910 6207
3556 1678
4741 9767
8885 4157
4232 5385
3820 8995
1775 2225
7548 6504
1910 65
9532 7569
9459 816
8653 9055
4953 4937
60 8101
9553 2391
4513 8284
4596 7738
5126 7287
7272 6687
6751 2129
6019 8
977 8639
7361 6273
1732 1037
5285 2178
8280 3396
7982 3147
1318 2383
8409 8174
9329 3503
6325 5910
3532 2648
7900 6495
6425 5722
9995 386
9058 6295
3026 430
9241 8033
8241 568
4922 9716
6559 7459
113 4090
6884 7308
2242 5
5457 2480
9407 6713
5686 6258
8210 9746
8072 3040
2104 308
5400 2094
3727 9580
9714 1638
8483 6849
1140 8448
3887 1242
9934 6145
6582 4635
5935 3064
7988 4634
4292 6058
1030 4175
61 8597
2019 352
6716 7669
6802 5841
3052 7483
9503 3440
6257 593
5737 7284
8301 293
3303 8507
2806 6291
8866 9939
710 6719
8112 1074
9224 2572
7918 3331
9236 5381
2635 4897
2988 732
7605 4583
1576 9371
4085 8902
6729 5357
7948 3971
5206 6347
7414 780
700 304
1383 2925
240 757
3889 4938
5155 7581
290 2180
5914 4022
9613 7002
5010 6749
2586 7177
5253 8555
7271 752
1495 3473
3645 6020
8245 1846
2250 7628
822 5197
3330 7377
4611 6188
2153 5577
2440 3870
3346 6777
7056 7208
9703 2512
687 2991
3684 6627
3086 3717
8226 8996
4528 6357
6593 8594
2729 2531
7970 9122
2584 3355
9011 8026
9027 6066
820 483
5314 2371
7127 9170
2975 3947
7355 2343
8064 229
4910 1004
2135 1685
9389 1575
8947 4506
5669 2602
3232 8615
9506 3905
9637 6954
8796 2631
5706 4099
3703 3371
5250 6667
2985 7134
4121 5457
8560 7753
5843 4296
3885 8170
2125 944
9262 2837
7654 1631
7720 5074
6710 4443
9826 7515
9248 6234
9781 450
7090 5885
4729 2001
365 9297
5785 1341
2316 4356
5083 9238
8441 4036
3025 31
172 8457
8479 8203
2745 6302
5873 85
2515 6168
2112 3026
19 8361
1901 482
3035 998
3177 5995
2287 6460
5629 4394
6480 9131
3484 1130
7351 4779
7716 8335
1750 4592
7113 9539
9658 6043
9917 4383
749 4232
5647 5953
3112 1812
4665 4605
719 4777
4348 4073
3860 7483
6939 6042
4505 5458
8114 5043
4337 2771
8320 5483
9999 1158
7847 986
7679 7596
3188 1106
5522 907
420 9319
1580 9360
4104 2415
7389 2643
4732 7865
8352 6628
4686 3989
1874 3538
704 8487
3749 2810
8542 5782
8179 1972
8985 5358
8418 7430
8464 6137
9799 8502
1772 8526
5399 2606
2045 8259
3992 1026
8001 2105
8889 6702
2267 5339
5912 5085
6679 3188
990 2465
9895 7316
3598 7339
4028 1308
9507 4230
4848 5295
803 4473
6692 9187
7731 355
1704 6058
9462 9111
9952 9716
5645 2718
5053 3652
7473 1000
413 2117
9053 8000
7789 5213
3876 7284
8480 6242
6581 8132
9229 9691
503 4584
5356 3247
636 7323
8344 8496
7623 1819
1198 9896
1094 6055
9591 757
1154 7067
9588 467
1738 6006
8137 4803
6919 268
3893 9384
8810 5969
703 4344
1997 1055
552 6541
4084 4447
8126 7327
9032 8232
1911 5416
3466 948
7941 7111
8066 3554
1929 5257
7329 469
1591 4785
9624 2242
9305 9319
4822 2976
4914 4109
5500 3674
4339 186
8499 6721
423 1089
4049 9220
4775 1437
4702 4445
902 6098
3800 1531
5164 6173
6906 2770
6882 3237
4712 4458
3214 9939
2452 426
8354 1622
4019 8091
2327 1532
2859 3542
3320 2914
305 4403
6497 3846
3678 9300
4223 2454
6598 3373
7916 1240
5258 662
3401 7861
8192 237
8529 3933
7384 7967
5957 8674
1330 2785
7026 6541
4079 1779
5048 7576
8680 1631
1244 2024
8154 4950
6868 4804
7892 6353
8832 5149
834 6086
3446 8512
2530 3553
9456 5913
3867 2396
925 9741
680 7204
5290 6758
2411 3440
5262 2344
5376 6905
8221 6378
9787 7789
8242 7120
7349 1567
66 3188
4710 5164
7221 6251
1297 871
5691 8488
7186 5168
4533 420
134 8331
4576 4680
3263 7999
6005 4736
5453 9559
6372 3109
2660 9922
852 1610
8798 9009
5106 2588
2459 5857
4076 7818
6124 8060
9964 7958
5238 940
6309 5797
1895 5505
3411 793
7406 1363
7126 3851
9944 9829
7830 4625
3516 1761
39 1821
9414 2988
1475 8026
6312 5500
1162 7380
5963 7535
6812 9066
8443 9559
8061 6327
7170 4907
9702 3851
6568 5852
5363 8080
3834 4280
4294 2105
6027 5339
532 5625
5846 411
4058 7063
6450 6608
9594 5666
306 3576
9050 8917
6470 7433
3533 2231
6063 5211
5651 485
46 7684
4661 5289
2134 9381
7644 1334
6918 1551
5895 4545
217 7112
6771 1361
8517 2282
9790 3909
8583 824
1993 4473
2027 1563
2092 193
1429 9728
6155 7208
9247 3097
1084 7526
7831 9630
6565 5821
7674 8945
9272 3358
9198 5054
3747 6828
7309 8507
8172 9770
3685 3504
5157 9386
2828 3753
9000 8276
1998 8236
1464 5969
5391 8074
8957 9469
5137 8994
7838 9301
4295 1034
6458 3690
7616 3980
975 575
1176 3363
2193 1956
9046 2236
7333 3359
291 1798
2723 8889
3775 7097
8305 1237
9887 684
1243 9594
1099 8402
143 9449
2509 2572
9494 9404
6644 3411
962 3503
1456 4395
8021 9582
4479 2966
1504 5460
2243 3163
1926 6184
5776 4436
8573 8779
3498 9011
9282 8132
4739 5824
2980 6707
1947 5674
4891 6064
8476 3108
8689 8538
7378 3894
7673 6175
5133 9934
9620 9208
9034 7184
3638 8619
7155 1815
1900 4075
4521 3402
9517 2773
4179 3750
6732 1773
1440 5335
1741 3417
3204 9258
2271 2053
6860 1057
7763 478
6230 1983
3669 8475
418 2980
586 4448
8721 4683
9362 2721
536 1505
7461 7527
4332 4614
4074 878
5882 7372
8262 8220
5518 4531
6455 4225
5874 5668
1877 970
8100 4652
9245 6012
3198 6236
7635 3008
6377 9659
6023 6460
5603 2325
9884 6156
7474 1757
4311 5986
7318 3727
5814 5413
4849 8699
1920 4859
9031 4665
3423 4164
7742 55
7029 83
4590 58
9273 9948
4406 9096
5141 4974
1611 3978
8319 3807
8491 636
8399 9901
490 1750
5279 3300
3044 1643
5435 9106
3149 627
9690 6002
881 7659
34 4947
8683 5989
8017 7557
212 9232
3347 3238
1523 9726
7299 9630
5783 5219
7282 8009
6678 3139
9225 3851
2252 6636
4384 8017
7801 3894
8966 3841
6159 4555
6670 2404
4386 9466
550 1336
2367 8101
2749 4866
3614 188
5574 6502
346 6778
7395 7664
7834 8371
8470 3303
1320 2990
5454 5374
1328 7565
2574 7028
5999 3211
1967 4401
4172 8661
9877 6043
1168 7739
7001 4521
1870 8243
8626 8327
3074 7573
2074 4374
9596 5683
415 6788
4136 9287
461 8161
4871 5965
7769 8080
9271 2246
3993 7325
5990 8141
124 7406
3686 4020
2872 5597
5077 9769
9328 5164
7733 2287
2994 5269
5395 1257
658 8581
7522 7940
8406 8656
9570 7355
5516 1997
5175 4006
9602 570
1005 4120
2651 6352
7340 1504
6112 1703
3277 5939
4896 4664
2508 2877
4324 3230
8298 5753
7554 7340
2355 4964
5880 5293
7734 3459
1411 7422
2059 2698
4462 1485
2419 1927
4560 2911
9332 946
3507 6703
1706 50
2468 85
6202 4459
4632 7420
8700 4447
3835 3789
4717 3434
2743 1752
1018 2343
2064 8920
4997 8809
2777 2492
6363 2202
1226 3263
882 1910
145 6142
4718 7334
3798 2518
9789 8848
6922 4516
1366 4794
6949 4893
9899 7014
3111 5244
394 2881
4212 3501
3148 1764
8016 4801
8018 7340
7273 8631
6387 3683
6714 6278
9950 1408
1439 8509
1904 2297
3524 7097
3374 5574
9476 8549
6625 1383
4792 5255
7447 71
9700 2631
8941 2742
3895 7376
9211 4659
6253 9959
1351 8819
1973 2448
6493 7094
3392 820
2741 4806
3704 633
6127 4239
8675 9553
3968 3090
2310 845
6986 7885
3671 2890
300 2410
2622 939
4537 8440
6244 8642
4070 8658
7292 7913
6577 8156
6300 5259
158 287
3128 5477
4453 1684
3486 962
2889 8388
9671 8565
7320 1475
453 4595
1581 741
372 4052
2381 2053
6096 9047
7788 7108
8038 1256
644 5775
3120 7601
6040 9604
2159 2367
2541 662
3636 3415
898 145
2800 2999
6328 2851
153 4975
8303 9616
3545 1076
8104 5656
7740 4311
335 5035
2506 3739
8990 6109
6284 9894
9281 1009
979 7763
7798 4057
3491 7323
8201 3364
6747 3775
8025 4475
1260 3227
5977 1565
1937 415
4860 4461
24 5185
4969 7109
6484 4660
5859 6746
3478 545
7142 7840
5056 87
7971 1181
3730 3981
2661 7274
2857 4864
4564 6607
4811 8194
1584 2376
2498 1905
2833 377
8155 912
3803 2976
6935 3146
1650 9566
5761 6595
8632 3166
537 7733
9783 6882
5337 1446
7035 6042
1476 609
9500 7683
6125 7504
1206 8146
4624 5478
3577 878
1682 3142
8650 8778
2956 4848
1182 2233
8230 1137
4321 4306
7726 131
3881 7079
6131 6142
1066 1140
4118 3019
2719 2916
2099 6020
9237 453
1377 6968
722 7497
786 5014
7648 755
1416 4052
5121 7763
9479 3212
9759 1577
8900 1406
5855 7134
9742 9588
1370 4549
3253 8713
6119 5093
254 7522
4346 9814
2612 3796
5241 1785
7779 4801
5541 5820
9480 362
8160 2719
8972 6627
6873 8832
1966 227
9358 8074
8887 1307
1191 8112
3808 4118
9776 780
6616 140
3403 903
8090 924
7105 2797
1655 1983
1473 1259
8696 8271
9874 7073
1529 4756
8392 3601
5739 5337
4874 9702
9174 8883
5018 684
4952 8360
6342 2024
4258 6871
4387 8773
6241 4872
8738 9691
9943 319
8274 6103
9265 9299
8623 4570
1128 6296
2289 9626
1548 1422
173 3426
3242 6662
6589 1471
5495 3271
7955 6699
3821 5069
7614 4168
9518 8086
9359 8216
1699 9894
1299 7945
9216 3199
6611 9055
6266 6148
7696 8361
3744 8063
534 5793
5277 7059
182 9131
5266 2660
3050 5745
1957 1749
7499 2107
7981 3538
8377 7563
8079 2622
7421 8889
2734 9043
4017 534
3626 4908
3754 3243
5883 9773
5437 3139
4518 7280
5320 5934
9831 7770
9687 7960
3521 9532
7956 6466
2855 6498
7839 2953
5008 1504
1847 7840
1083 8700
3110 9796
9346 1614
927 8345
9092 6871
9129 6696
6030 3136
717 6825
3323 9131
985 3540
1187 4555
3839 1042
2268 3238
6915 1892
3824 9443
5429 8374
5422 9340
5908 6312
7781 3474
1146 1053
6621 6273
9288 6059
736 180
2657 6784
5553 3271
1825 2745
3579 8442
1233 8108
4480 8144
7064 9819
7775 3512
7478 1623
5546 2103
9915 1206
2699 7144
1646 4461
7364 8226
6219 4243
2095 1162
4238 5054
9017 2569
2393 6559
8838 2282
3322 1457
8067 2627
5070 1447
1134 915
2348 1699
8390 2399
3543 4659
3341 305
8050 7784
6045 8099
387 1648
5216 7274
431 3846
7480 2998
3226 3081
7735 7183
1827 9882
4693 1415
1835 7548
81 3277
9932 455
8200 4546
6397 5993
3378 9044
8211 3938
7813 5347
6050 1721
5938 2620
7061 2455
689 2540
8564 7477
1436 1508
4415 8024
8651 4793
2811 3024
5425 403
5099 6389
7310 848
8864 3744
5549 9517
4725 6189
8971 7836
5338 8036
424 5413
8677 9594
2582 3164
285 8203
2798 1254
6147 2194
9565 3364
7832 8802
8781 7650
3866 6562
2187 6918
4512 4017
7365 1004
9280 8116
2808 334
2974 8574
8732 4079
408 8566
2215 5049
5107 5194
5389 8221
9550 3846
657 188
1644 767
9794 4999
4737 7264
6865 757
2868 9518
4064 3679
2018 6608
7359 3891
2879 6907
9292 6023
5544 5824
2633 5017
6774 8416
2902 9224
9312 5514
2067 8625
5251 3500
9470 6351
6444 5209
1458 6053
6966 9429
5228 4530
3940 3253
1571 6849
8042 8844
5057 1352
2589 887
8612 8795
8707 9868
1804 9195
6233 7867
3184 9189
7149 7451
8743 7755
6354 5630
1235 3585
6911 8555
9093 805
4510 9419
271 7223
1392 6859
9618 9404
5332 630
6307 3130
1968 2423
5415 4657
2964 156
6531 4230
7413 8902
6592 6822
5144 5638
8962 5626
6299 623
7612 3735
7303 4353
8771 4848
260 9487
2481 1128
1032 6308
3907 5509
5218 8615
8726 2484
6978 305
3945 5046
4495 1694
8465 3417
9639 1454
2915 5987
541 4452
2937 2698
5480 8170
262 2393
2326 8067
9833 3391
8525 3780
1414 1083
5379 4268
2577 3835
865 7932
5973 1123
4215 7795
8147 7377
738 1299
7114 1453
7824 91
1596 8830
9112 8812
5818 2430
2583 5076
2554 7273
8426 7275
9772 8348
5673 9079
9039 9772
3767 1977
2886 7616
2822 4314
3344 6554
6118 5602
3662 9453
7510 3287
6917 3841
7815 7851
6075 7649
5201 4165
8951 9973
3941 420
5615 15
5086 193
2887 8106
7800 7943
6384 3837
7599 3446
2050 2182
7615 4428
592 2425
8725 1416
5272 3030
652 7782
2958 2841
9012 4326
8222 6891
807 8368
744 8010
6916 445
7826 8789
206 3877
9563 6567
5551 5248
8444 1092
9798 668
7688 9063
8588 4152
5981 7003
2378 9325
3442 214
3904 7753
5679 8820
5906 920
5632 2007
4178 2101
9695 1758
8084 3057
4593 4654
8731 8142
5730 2958
8548 8961
286 4785
3795 2788
3353 5959
9326 4586
7276 1914
8125 820
1264 9611
5382 7810
2051 7733
5281 5085
8302 1202
6989 2092
959 9513
3547 2820
3468 4508
8261 2098
3934 2414
7195 3689
8466 4974
4416 6934
1802 3622
1726 7766
3763 1459
310 1810
2065 7861
6815 3155
2573 4349
8579 1565
6854 4879
5388 8267
9982 5346
642 8784
2571 8879
8127 5223
901 9057
9091 3463
3268 3883
1073 9943
6551 8554
4911 9324
5746 318
9150 2001
5091 6422
5960 9143
5832 8239
9653 9772
4585 3893
5031 8125
4259 1428
3283 5388
7658 545
5711 6280
4727 7803
2253 7414
4904 4642
5466 776
9797 3561
9871 54
9771 8344
477 613
8850 7823
2359 3045
8420 1611
9373 180
201 3124
6031 389
934 5247
8379 1453
8234 7461
863 3471
7166 7840
2208 1703
1155 905
9231 8579
7577 153
4534 3386
9492 6152
7346 283
1659 3403
8020 3498
4673 2351
4612 5724
9800 4904
3172 6654
8328 6106
6489 409
4024 3648
8841 3850
5471 9239
1364 4017
1951 1869
12 154
6160 3622
6115 4992
8865 6248
3755 8500
4010 5613
2394 1366
9902 5143
626 8136
737 2478
991 1106
3342 6980
6134 8775
4455 4592
6970 689
7963 9637
294 2457
2600 1911
6566 9216
8978 5987
1063 8902
1628 8921
3890 5485
5853 9957
1282 2050
3987 9119
9912 7832
1365 4547
6252 8102
5812 9895
2500 8402
1338 148
6435 7623
1326 7209
713 4449
1374 4341
6479 6203
1346 9108
248 4148
972 9424
7009 2510
5334 1403
5016 9976
9634 5008
8719 7076
9643 2602
9249 4534
9310 618
8081 6235
3191 9048
4714 4843
4484 7339
2623 7119
3911 1427
7705 9405
8389 2527
557 555
3588 9170
3264 7387
875 6078
8113 147
9608 5439
323 2427
1239 7275
9990 9759
1852 6964
497 5969
4645 3279
6167 9118
2614 2083
1290 2241
1483 2492
1679 5577
638 9060
4146 4036
6795 7973
3453 5081
5300 4133
376 4033
379 5896
742 8137
3349 8886
629 4041
6100 6699
9545 907
3455 1738
918 3467
7814 7527
1095 966
7691 1952
792 283
8709 2946
5916 7429
6256 3838
7560 244
9221 6307
7629 3922
6658 1143
1748 5905
7703 2192
3960 1771
2959 5145
5354 4541
9848 1252
216 9571
5819 5578
8446 7208
1711 792
9627 1859
797 7167
1826 8371
8294 7622
2608 1721
405 6403
4250 6486
4015 2293
8783 3862
3769 1911
8730 7734
8782 4262
1180 1005
1067 5207
9867 9049
4012 4189
1353 5743
5079 9225
9889 2713
8857 6934
3003 8399
7521 7897
6556 1408
5184 8532
2073 8014
5799 8637
5926 3253
6071 3229
1737 1567
5089 7034
4220 5990
9989 3307
8495 6461
2919 5290
4347 1899
5462 4274
1305 171
9266 2586
3451 7253
5318 3554
7812 9916
9202 5157
1196 4191
5152 5989
231 2668
8381 7923
9572 3504
895 6861
462 4050
8747 3645
8901 534
4713 9356
494 8348
6525 5074
5188 5813
5153 9046
3548 6584
1842 6746
9636 6861
8044 4726
4423 2615
8563 5949
2368 3337
5411 3176
2896 9974
1788 8144
9201 2106
9681 4736
4543 5789
8131 5107
8223 8129
218 5713
5565 6757
7850 7945
7992 5802
7295 9979
9104 1202
8410 924
2646 782
1192 3901
5649 4355
9996 8989
4716 563
3991 8223
3567 744
3312 1648
4393 5165
6830 462
648 2911
8089 4376
2312 268
5461 9878
9740 8027
5640 4454
6419 8521
1047 8310
236 5307
3995 8622
3724 706
9163 2936
5438 2622
9191 5569
2779 5219
2680 6012
381 1603
6992 7854
2421 2641
5449 2774
5871 4505
9243 6638
2226 8218
7043 2234
6955 6352
3964 3531
7598 7552
4754 2777
5078 1802
3855 3705
3811 6515
6033 6492
8915 1966
9499 9560
7375 8989
3033 5765
6141 4157
2927 8113
5921 9419
6507 698
4373 9627
8787 7612
8309 9951
3482 658
6297 521
92 7603
3141 9940
9290 1095
3447 4093
1323 2208
106 7595
2848 6905
1075 8012
1978 3976
1270 3975
3884 7629
1657 3881
3660 7022
7873 3084
1760 9053
3688 3972
9354 2197
8329 9758
9793 4175
4432 7260
7412 6830
9649 7820
7049 901
8139 9351
9206 2480
7311 4230
1507 2620
7620 5209
9828 9773
1873 326
4143 2562
5904 9293
7370 5512
3697 4391
5252 2329
4936 3671
671 9469
6682 4102
3525 581
3480 7152
8694 9377
7319 4058
7946 3035
45 9763
114 3710
8603 684
2097 5994
3709 5415
3555 3563
2992 7355
5537 425
1958 4337
2473 2475
1707 6344
9549 4481
7975 1092
256 5192
540 7172
8767 7753
1271 2241
7678 2149
7125 8962
6675 3192
7084 544
2787 5668
5627 1073
8703 1633
9317 469
2567 8796
6213 3593
215 9249
1677 5558
2840 893
7924 934
1177 4506
3853 9889
2905 4751
7621 2871
827 4090
4766 6908
8705 9249
6487 7382
7618 8486
5688 3563
2799 7603
8843 395
1800 1865
8840 4084
7285 9053
8826 1177
3004 1397
2239 46
5925 5621
6647 255
8250 1054
7236 3971
2673 1733
842 1650
1730 2470
3706 5347
8854 1009
1516 1285
1518 2644
3260 4576
1449 7612
9805 3475
1298 9123
1050 8367
3315 3960
1743 5119
4918 403
5532 9290
69 3314
8092 7055
1391 9377
4827 1752
4490 1575
5498 1643
9965 8631
1072 7575
9489 780
9075 5716
5563 6158
9029 3141
3965 1879
1534 1900
7643 4042
9923 6327
4260 788
1527 7306
5349 6799
2360 7616
7641 4924
4396 6903
9850 5716
1601 71
6491 6439
9167 5066
718 5789
1460 1026
3046 9164
3892 671
7512 9112
1984 5793
7914 1044
98 1042
8954 2252
9945 8282
4418 9060
1492 5782
2280 5774
321 8274
8791 5986
3107 816
520 862
4187 9407
5646 7865
7116 7183
7385 335
2750 8951
7613 6152
7976 5115
6663 2771
59 1333
1829 475
7700 1157
3306 6158
3375 6647
2654 2433
7123 7241
8922 6482
9533 8792
73 8490
9210 868
3858 5736
1247 7051
7859 6242
5136 8491
7750 9467
7915 3114
9141 7620
9135 5783
9132 4839
6744 9886
522 7038
7219 9498
7893 8069
3101 1631
5116 7854
1543 7891
8430 5720
562 1345
6579 2167
5271 6230
1940 9809
2563 5934
8306 3688
7722 4579
3640 1448
1687 3303
1303 7814
5160 4455
9463 326
7979 7280
6453 3901
6269 984
4571 1893
5947 8001
4069 6606
62 3325
2904 9323
5875 9624
5909 6585
8992 482
5705 9011
9748 2250
6469 9344
1542 5653
2038 616
6371 3690
2 4424
5983 1885
6796 4570
4851 4559
4617 6255
1987 6296
5527 8393
6508 2718
5028 1058
3445 3765
2493 5941
3382 252
8473 9248
8177 1937
1314 7041
416 5567
3691 2238
8629 3659
6591 1755
7345 7506
7927 7665
1961 6207
3252 1563
4488 7458
8307 2641
7040 984
6199 5435
4088 3091
9378 701
1630 4998
866 1863
1465 13
3295 8235
1043 7306
4764 1236
5239 6195
576 6199
3655 5770
7995 8927
4965 9681
2123 9620
8290 4833
2356 5593
6368 6764
9223 5852
526 8030
8690 561
9933 5090
1797 9500
4776 1198
5827 5486
5348 2044
846 4769
9255 1458
6558 2882
3712 7515
7027 232
1620 1176
9035 7964
9330 4753
1587 5075
9745 213
7245 8314
7337 2979
5171 9059
7966 4087
3558 8882
3986 9152
6193 6302
7467 2269
2769 5925
8716 875
6805 5619
1450 6046
1412 8099
774 6365
9228 940
4852 418
4862 9377
7042 9118
1928 9850
4784 3788
9670 9126
1708 5614
102 8430
3153 8255
8643 3881
6140 2235
7045 6114
5178 2643
922 1835
8682 89
3294 4602
9978 4716
1960 5263
446 6304
4199 9806
6065 7924
9633 2297
8523 5217
1227 274
2860 811
8428 1982
4281 9716
6600 2964
6938 4085
6451 709
7544 2913
5052 5190
3698 8132
1019 6538
438 6099
9825 7754
9853 9775
5436 7172
1916 7975
4227 2745
6519 6931
1133 9385
8903 5827
900 821
7682 8113
6073 8024
9516 6766
2746 8466
3926 4713
9614 5357
9042 1196
1463 7501
9087 8348
8023 3931
5555 2994
690 6786
1325 1708
9253 8178
7080 5605
5191 7268
1934 8148
276 5279
7624 9981
4011 215
5419 8083
6392 424
1116 7896
3927 415
8867 3993
299 8570
4556 9859
8052 317
6731 7909
9514 5059
1232 3065
5447 4891
133 1604
7633 4936
6904 6605
1003 4077
7543 2470
4092 378
88 3824
1111 2017
7207 1365
8297 3481
8414 5251
747 7893
6494 571
5718 3099
5212 7636
2751 1882
7332 2042
4697 7138
3880 5489
277 8148
6817 7907
4216 9317
7289 3386
4208 2471
6587 785
2229 8675
8107 8980
1283 4596
1096 623
8975 9211
8130 8924
1925 2382
2406 3476
3059 4386
4097 9164
2303 1212
6571 5260
3409 1155
1064 8173
8881 7515
5755 8484
2346 7367
2260 3415
801 5119
4456 2368
1801 5710
7448 5905
1199 3901
1632 672
5773 7361
804 8297
9267 7382
7718 271
4304 7155
6420 8503
4018 991
8577 4591
1809 7956
5748 5217
9178 4006
4835 1328
6314 6961
1669 4076
7670 3520
4478 7958
2116 6885
3537 3606
2853 4777
265 1473
4426 3326
3737 6342
8591 3227
566 1016
9442 6020
8669 3563
4014 2360
2756 3560
1887 5184
1663 9974
9678 7595
1665 8532
3859 4222
2387 7195
5952 7699
7388 6352
9264 9246
655 685
1569 9280
8342 9967
1398 2072
5658 2983
9444 4415
8932 9500
6543 2178
8895 2093
6 5086
8793 7533
6001 3878
1292 5008
4902 5711
9744 575
7661 5739
6578 364
2708 3008
8528 6095
6808 2498
4186 348
3340 5184
8209 403
9675 411
7887 9609
8120 623
9379 6940
6877 7056
4132 938
9077 4589
9738 6859
8434 2631
799 7043
1866 234
3397 8050
8811 9568
2186 6004
5758 8284
1231 7063
1455 4772
3215 1247
8539 3782
1938 2651
5599 5712
8287 5475
5135 3650
528 7429
8858 4745
5636 5320
9397 6886
6537 6712
8698 92
8686 1190
3430 9095
3589 1907
6855 6496
6509 8045
3082 3125
1139 6193
8950 2050
1624 8407
3816 2958
136 5159
5847 8421
2205 5489
963 8655
230 9289
9140 8974
3983 2837
8166 2623
3599 3016
7416 5684
2026 2235
8925 3263
4800 529
7930 2189
2921 8618
4558 3856
4944 6312
2763 454
3039 3097
7247 2781
543 1596
4126 708
7070 7202
1654 8767
5203 5774
7767 3097
4500 9166
8756 5171
9081 6020
5806 9336
7701 8975
6745 6227
7072 7823
351 4850
2214 4864
1558 9403
6457 9360
5848 7823
3611 7661
9918 2075
5519 8002
9212 4225
6117 957
5839 7105
9331 762
3546 7593
3005 6002
33 8583
7366 3112
226 5527
2384 6168
8385 1836
4350 1003
385 2575
1152 4512
7611 1728
5902 6940
2738 6871
2566 9336
5323 4391
9097 6954
9804 3440
8202 5669
8339 9057
1109 5929
531 6819
5572 6242
2120 9624
8397 6460
1324 7741
524 752
8899 3853
3962 5421
6317 5459
2398 3406
3499 124
941 5829
5120 4142
4599 1566
1683 4640
8745 285
4870 6241
6011 492
5051 3499
9156 6214
3806 1541
8270 8978
1245 5125
1941 7254
129 8927
4446 998
9062 5185
2147 594
1844 7006
1946 6320
6464 5462
5313 5135
3721 5046
4609 7932
8419 3645
9661 9491
7075 9199
2878 9291
6957 1083
1501 3475
1553 151
5214 7527
5226 8030
2163 9435
6190 326
8685 3185
5955 9997
6597 7400
6476 8179
3667 4679
3492 3478
2307 4657
2795 1290
9732 8734
6681 609
3079 6406
7551 7703
4320 4591
5063 5424
4476 6491
9860 8746
5779 7947
6977 8509
7545 7233
5490 6798
295 2267
734 5104
4810 8336
516 5556
9322 8480
4288 777
1484 1235
7354 8550
7685 509
6101 5847
9508 1265
5586 2853
600 7112
3615 3419
2278 1987
4569 6264
4207 8593
1791 7623
4248 2682
4431 7341
6374 2
7107 8019
5772 7070
9013 1210
9544 1628
7348 2973
1036 3049
9927 7573
2766 3757
7362 1696
3399 492
728 9939
908 4729
8652 2387
8251 3362
3197 7714
253 9463
1056 7346
3200 3104
6972 1252
4787 5442
9994 6122
6477 8388
715 7739
9256 4685
6306 6123
615 7309
4301 5993
2755 9158
337 6605
2893 120
4466 6489
8942 8650
9993 1339
8750 5796
9898 3064
6085 5923
5330 7932
1535 2830
5094 8310
1045 5597
6832 5692
5441 1458
6144 9315
4535 1679
8763 8734
7846 2744
1517 8198
7525 3035
4005 5157
7586 9682
9510 2268
7817 5633
5533 5005
6901 7499
3925 2035
4369 9006
2437 4823
8628 4232
6459 3621
7890 7504
9622 6119
2876 2464
2084 1602
7281 2068
8272 5902
175 8198
6271 3077
7424 9943
2835 3353
1 9613
9523 5352
567 2484
7419 7016
8679 5903
1081 8643
8501 7254
8119 4456
6452 7487
5410 9199
5562 6805
4940 2576
8111 2229
90 71
2603 7569
546 6360
6015 3844
2790 9932
1813 5379
9652 9316
9584 3396
4699 5545
9610 2510
1889 4835
3608 4019
8516 4354
1722 9548
1855 8352
3565 3198
4127 4391
954 3399
723 3330
259 7177
1169 1933
1676 7316
3348 640
1163 878
3831 4499
3952 90
7591 2507
4759 4285
6332 1829
4004 6787
9857 4449
7592 6580
4330 19
8268 2756
6514 178
152 5785
9954 1651
6356 5959
3318 3897
2920 9550
1586 979
4382 5654
8645 2728
2564 9933
2441 129
750 4102
8552 8628
9432 1399
8478 3457
6734 4577
4814 6224
4380 385
1185 1990
6032 9858
8871 2140
1948 8519
9277 8409
5791 8241
7765 9226
8375 1364
5240 1917
5870 6116
4045 6980
1255 1687
3792 3300
9925 2515
1038 7245
3522 8168
5942 9731
6157 3449
6250 4028
2947 5609
4256 4014
9400 9950
5943 4604
2176 8804
4666 1390
1971 1920
9936 3678
6942 2417
4051 3702
6358 3205
6705 3141
9599 5742
5696 6661
6231 7059
1142 2904
4817 7221
4325 3393
3388 8340
8180 2163
9391 8954
1174 5424
5423 5450
1988 6923
1194 2315
2340 3426
7693 7403
8892 5967
9569 1939
2849 5995
8225 5820
9526 8259
7746 3164
6867 9334
5420 8879
9911 9422
5231 5301
2598 2956
2496 7164
6442 6613
3974 2491
6736 4656
2403 5516
7397 5919
8717 6927
6210 3985
1395 614
3282 3572
4984 10
8382 3901
6179 5333
6305 2739
6711 156
6076 321
282 9224
2301 8208
7358 9360
8071 9119
634 4602
6432 5578
1445 4569
4117 2385
7143 9759
1170 8200
7528 7664
3902 8210
4360 4254
1273 4264
4390 6651
7732 7204
6697 6503
7530 7051
8672 3880
4648 6477
1262 2595
515 6183
2079 8549
176 4140
1354 2680
8582 5924
481 1874
2172 4751
840 4122
7712 476
8671 3684
2102 9608
2827 7986
4267 6098
880 4691
8635 3960
3310 5804
7989 5614
1851 9915
4217 1957
4519 4764
3613 6694
6947 4829
3041 4337
5237 9814
525 6347
6322 8391
4408 9789
8939 5514
8876 6420
5167 3923
197 6005
1127 8876
8880 5347
4218 1387
428 4021
6878 4401
1179 9964
6524 5639
4492 9770
2533 7373
2261 3706
5661 7842
794 3666
4837 7793
3752 7937
7371 3166
2188 5771
2607 3121
731 371
1799 8098
8852 8208
2704 7957
3245 3389
6623 8361
796 8804
3249 8978
4873 7188
2263 6053
5595 1594
9285 8136
2350 7423
3462 325
117 4148
3236 6677
1046 4184
6221 8863
1871 8373
4067 9583
1524 191
8701 1502
9830 6590
2664 9161
296 1068
47 1791
5331 9639
7488 8426
109 1773
6671 6546
105 8064
1451 6685
7401 6942
4750 9324
9250 5213
3332 224
1028 399
8095 3231
5061 4657
2030 600
5015 9333
7969 3292
383 8365
3519 461
4573 1708
3345 6859
6272 8136
3762 6637
7790 4901
4244 612
9113 4474
8595 3325
7660 7926
222 7611
2850 5995
2752 4047
2807 8573
2274 6522
8766 6075
5100 7962
7005 6742
2610 2257
4842 5946
1280 6614
8667 1753
9975 326
192 5440
897 6489
3977 1315
2796 235
9240 3613
7725 620
7210 5657
5866 3907
6811 5867
6409 1246
7809 8882
3066 1817
2290 1206
5113 6190
4877 195
4161 2077
7307 551
9774 2991
7827 4236
8894 5179
9733 1588
781 8273
6293 5349
7363 5372
5907 6898
5823 2379
2875 6972
9121 6884
8186 662
2757 8300
9284 1354
560 3371
9446 6112
9552 3616
1153 9547
9764 3412
7356 9513
8292 6967
6920 5231
8085 3469
3368 7404
7037 6888
7567 2492
1864 782
3526 5689
5020 3832
3822 200
8047 246
9252 1337
1378 8487
9067 6154
3043 7478
8776 5018
5481 9334
3809 4436
4646 9435
2439 1357
1671 976
768 4006
4086 4388
8681 7079
7432 3296
9832 9896
4989 642
7145 6789
4655 4380
682 3533
9612 5450
8662 8954
7710 5075
5264 274
2458 4302
8613 8416
8762 7564
1313 6663
353 4089
78 9145
5431 3520
9420 6989
1289 3325
7178 1538
8058 455
4412 5563
1266 4528
6674 4364
1556 3090
6180 4024
3273 6571
1769 3940
9883 8151
7707 4018
5202 2198
5795 57
8238 6078
5719 3912
1474 6524
4991 441
1340 1146
40 6520
9778 8761
8286 1577
653 5521
4198 1558
4287 8848
1489 7021
8546 1139
2634 7897
2621 2568
8471 9790
8897 1326
2684 8140
4915 2788
1031 8643
6149 2062
5378 2370
6133 1274
5547 5362
4615 8536
2866 4543
3781 8663
6981 9143
8907 2745
9115 9498
9521 1493
1599 2190
6775 3557
6530 5917
9071 9143
6468 8407
5535 6460
4370 2869
2061 1471
7852 376
660 907
9680 6910
6826 7653
1735 6599
6008 3913
1382 842
6529 8221
1402 2398
9623 3323
6223 9371
5019 3830
3105 7814
9436 2465
5236 2902
5698 2250
8644 8330
7906 3824
9816 3694
7709 3947
6287 1755
8003 3051
5491 548
7259 1892
3779 2316
5856 552
6427 8606
753 3954
7457 6015
7808 3870
5681 4216
7243 7930
6399 4658
2420 3604
4771 9630
3716 9669
4316 5201
4957 609
9720 316
8534 3200
6138 3618
3701 3282
8247 5251
872 5408
3682 8579
144 5166
4610 6214
5499 3477
9128 1446
5082 5467
772 8779
7191 7337
9022 8908
9302 4635
2703 3403
7062 498
5617 236
9689 7803
6481 5819
8094 9975
5876 5159
4675 6420
8436 6193
1607 5545
3505 7919
1525 4436
6029 6663
132 3155
9366 1883
5800 9609
3785 6103
2815 2387
8964 9697
5278 523
5868 6561
3943 9455
4639 6708
958 9074
9822 5128
4670 3892
7625 902
851 3994
8076 1730
7708 405
4669 2888
7797 9543
5186 6891
8831 9344
5148 9456
5571 193
6846 4058
4788 3861
8059 9462
4698 7712
4945 1795
877 426
8366 8179
5169 446
2284 4403
7676 7837
1932 5166
6555 153
3708 4882
7196 4030
5559 355
3159 7417
1727 7776
7965 7940
9130 5879
6283 7387
6170 9532
3424 7962
7485 868
7294 1010
2619 7570
501 8679
6400 6725
5444 9122
5675 4168
654 4188
7442 9643
5700 65
519 6578
5763 3025
4678 3044
4154 8336
8571 6517
9815 335
3222 8719
7898 4414
8576 6414
3266 7359
9718 9080
7317 3267
8983 3796
4967 1350
6779 2126
1593 7761
6192 5085
2127 7472
2323 8375
7168 7885
6857 4808
8748 2110
4205 458
2413 5199
3617 3728
2332 2116
5757 4136
3875 2840
8195 6213
4892 7623
419 5943
3951 2103
6007 1063
8097 4160
342 9517
6393 4309
787 3750
4113 2376
8933 9826
2444 3739
1975 693
1935 5754
4520 7331
2831 4252
5156 1356
1013 6110
914 8969
7194 9950
696 2069
8522 2403
4568 4754
9864 374
7301 4268
1195 3207
269 6081
6630 8069
2816 1476
2265 3411
4643 2470
1291 300
8708 4247
3495 1324
9051 811
8037 8978
3928 1252
4329 843
6752 9050
7456 9232
2765 2459
4961 5046
8968 3731
3771 6987
9098 5963
1781 1085
2950 9622
9756 5970
3736 2423
4298 9393
5142 7949
6039 8822
1831 2206
5080 7917
8777 1445
5073 8340
2656 4113
2526 6625
5146 8210
4504 4036
1171 7056
4959 5483
3801 8109
9234 8828
931 9459
9471 3664
6645 6470
3195 4359
3387 5157
8869 3754
7265 5022
1188 4338
4470 4683
5127 1566
4525 6512
4834 1227
3032 6293
983 7053
9257 531
4626 7838
6511 7127
9730 8433
7655 3360
9941 1985
474 7826
1838 1026
5030 9005
163 2970
6527 6839
457 6121
6394 1975
2873 1249
5369 9819
6513 3272
6072 7551
5404 7560
5233 5413
2658 7591
4241 3958
643 5167
5978 1872
7877 6046
7794 3611
5964 6372
7760 6687
7752 9390
5042 3372
4916 8769
1394 8107
4780 2064
3073 4541
9021 4768
5515 4718
407 8684
1001 5995
4389 4140
6569 5911
9528 5102
2666 2034
7297 9345
3836 3658
7534 771
5971 6924
3129 7328
3010 5126
9919 1795
1868 1934
9004 423
4228 8518
2624 1626
5110 1666
8338 1010
491 4374
5235 1716
7681 3399
6756 9144
8878 7739
8986 6955
101 8542
9862 4403
3865 1274
6656 2321
9254 2950
6962 7016
4994 7166
982 371
6478 9109
5667 8299
6969 9812
6226 6159
250 3030
4955 2924
9188 8656
2494 5867
773 2739
6345 7368
583 8832
1959 2520
4171 3970
1768 5661
3048 3788
951 9049
3496 7749
4263 1132
5418 3598
3959 660
8279 856
7250 6896
2809 1824
4988 4546
2365 7967
4845 6988
5606 7107
1234 8819
6318 6027
6348 5289
2892 5924
9751 7029
9606 1459
8953 8802
1962 7113
6937 7640
1151 7546
5568 8213
3020 7470
759 3072
4001 2206
8263 913
2319 8881
3093 342
2968 6115
769 4273
3953 9058
6362 7365
1585 769
5111 837
1544 2112
2793 6711
3171 7177
5573 9966
8759 5875
2874 5389
9562 6122
2695 8282
8531 6307
6603 8822
1930 9180
1636 4201
2156 4775
1167 1316
367 5171
1302 9880
7462 6580
9676 3563
5659 895
4192 4838
3957 9833
2373 1384
6880 9530
4180 1831
1592 8657
3738 1305
9654 8271
7878 7230
4277 2849
3127 7829
4491 8048
6089 758
2555 3129
716 564
473 1130
3179 891
9631 7863
8468 9161
6759 1131
2778 386
8572 9347
7162 2217
6263 1095
5670 8174
9909 9121
7931 6921
9454 5838
3791 6086
112 2526
137 6134
6143 8738
8007 7966
884 7865
1549 9550
344 7563
1258 7473
2549 8655
8611 2641
5274 4848
5644 1289
8323 884
6341 290
6730 2542
3308 934
8035 1900
4234 2289
3285 9135
8461 3925
6739 3516
5788 5437
5158 7799
496 4388
4289 4213
5177 7698
3080 7758
9910 4995
2731 9274
6833 1788
2867 7479
2175 8563
1221 3439
8485 240
7304 7404
3740 4634
2442 8440
7833 9185
1409 7066
6336 6216
9279 5247
2786 2240
3062 1702
6586 8694
4240 8210
6912 7143
5663 3311
5648 590
5343 8083
8754 6868
3289 3125
6983 7564
3281 4974
3183 3798
6720 5716
4962 9266
8918 3046
8997 922
1723 9575
8580 6257
6841 788
3407 5158
7780 9309
2672 7832
4156 3727
1413 8973
2347 9799
4770 4095
7137 7849
8578 8339
7494 5453
8228 5736
6666 9854
1250 4328
2389 9106
5451 8161
7933 5458
9645 8208
3060 9819
3742 3229
8979 9664
9632 7955
6895 2475
4135 1363
3529 3701
7542 2882
7902 7623
3286 3008
5470 5152
4429 8146
2305 4686
2903 6713
7 6980
2688 9169
6499 9263
3158 4370
8845 4880
5506 6722
9870 5754
5176 3721
9276 6950
9372 8154
2652 9792
7212 8095
6701 8374
869 6279
5697 5874
3095 4615
3919 3309
2609 3420
7508 4480
1554 7180
2058 4665
7883 8788
4129 8317
9433 5077
8244 696
500 1923
9605 496
7336 9805
2804 3639
2096 8284
2016 5698
7237 7446
1342 235
6026 5070
6069 6963
5321 455
9065 4445
7270 597
8439 3669
2228 2239
507 1623
1011 127
8678 4494
2735 6182
1432 8793
4733 4311
2640 524
3400 3453
4619 5777
4124 4769
2012 9733
9033 9987
4821 7533
3720 1471
4920 9192
8408 1414
791 8689
9597 6078
6984 3093
5377 3076
4968 7504
7189 5032
7129 3386
443 107
6130 2000
7261 2527
8910 667
1555 31
6700 6243
95 4576
2928 3002
7756 960
6604 3933
4371 5515
8224 4718
3756 6737
6783 9812
6563 315
5715 865
4885 9164
9142 6360
5932 7577
4107 5301
5242 1676
1653 5685
3135 4265
3239 7614
6465 7743
2276 6199
7540 3406
1590 9507
5468 5129
3817 3117
9727 2508
7322 4563
5680 2877
26 2433
56 3895
3209 7775
2707 7157
6370 1532
504 616
8614 1037
989 3214
8275 7034
1661 8085
2219 3817
6448 523
1845 6527
4687 8455
7393 9610
7136 9375
4956 750
7409 2035
2906 2514
2144 9819
2560 3865
8807 3962
5790 307
3984 3428
7071 1995
1088 9670
5465 9747
9785 7416
9803 3796
4059 2083
7630 5987
7912 3682
452 9771
6246 9095
7266 5267
6548 3480
2865 6327
3707 4193
9647 3099
5394 5418
8326 6330
8861 2111
8596 2496
1347 8528
7980 6582
2152 3056
3404 1910
1751 3431
4483 6427
1931 9735
3037 9456
5173 9702
6396 880
9556 4507
3722 4652
7806 9271
209 3922
7574 8044
223 6471
9629 3068
9638 9528
3493 894
5405 1736
3751 4453
7201 8000
9173 461
9473 3535
7324 6317
9757 6907
9120 8273
8646 8019
7561 6950
926 4165
9640 1338
3695 9245
2504 7458
2199 1656
8815 7168
4419 9959
1695 5672
4854 4885
705 8463
9084 7306
4100 1540
7991 8872
6057 9693
1020 7988
6319 231
8207 6176
7199 619
7410 788
2085 7726
3336 8175
8673 5077
7928 106
9931 3697
9416 5746
6552 9748
9750 4597
2618 3943
3304 6266
9679 8799
6881 5207
6814 6649
7466 8245
7536 4962
2597 1352
9962 4385
4485 2510
9149 9194
210 8961
952 7003
8938 7464
6376 8577
2679 2459
8967 1867
9810 7592
4233 3985
7314 2186
9493 6608
5256 4830
3458 9487
3766 173
2675 1184
6379 1912
2200 419
847 5762
8602 2499
9019 7306
2285 9046
7255 9118
9662 7926
2349 1171
9064 4087
8196 5057
4747 5650
4820 1913
3973 4084
2885 6012
1215 2687
398 999
6740 9702
6773 1990
8693 2166
194 2151
8115 6557
9020 2889
5299 9966
7018 1394
3488 2545
1739 6784
5851 4658
6104 6942
9885 8273
146 8239
3681 8707
1368 5870
9197 6880
7498 205
9972 3423
444 1145
184 9155
6836 1719
4913 5334
502 3026
823 5343
5026 361
9014 2432
9685 3386
3882 2751
5294 9551
174 7616
4977 6888
4540 1896
6337 4085
463 2720
273 9885
4797 7832
3732 6569
8103 1383
6960 7518
2829 6183
5524 9160
3551 3915
5723 2512
7165 1041
5322 9544
9465 770
870 5912
3472 7354
208 9449
3594 9664
5344 6695
1886 4212
484 8189
3429 6291
610 9851
9376 3461
2941 4768
9464 1329
9408 5765
3624 4528
5707 3146
3376 1562
4647 4673
5592 4260
2488 8411
9935 8487
9125 2668
8341 3624
313 1721
35 6764
8712 1972
9719 9324
6807 9342
5047 3335
1770 7524
4517 4776
2090 2508
2137 764
5174 2110
6501 1010
4467 7990
9660 9610
5361 3306
9581 9393
9807 9759
1423 2460
1778 9945
8919 4225
8851 3952
735 6356
7589 523
2918 9292
4072 8161
2819 6108
373 5062
8991 7375
7394 1167
8040 7506
9172 7540
2155 6193
6506 9007
4819 9125
7868 6551
2025 7572
2663 149
1222 8669
7411 2269
7216 8945
2216 7812
8362 1112
6407 3369
2295 7797
3528 5
1955 3345
1903 3771
9183 664
5801 3869
8553 1047
495 6349
3302 6184
8890 8561
1510 9810
1609 2804
6411 407
6866 4590
2665 7300
3515 1119
6017 3938
3096 6022
1612 9889
7619 5287
5210 4672
1856 6896
2910 7168
3810 634
1619 1656
8715 743
8188 8375
3773 6390
2940 6242
5980 7880
7101 1935
3605 8486
6412 1586
9083 9663
683 4877
3635 3612
730 9927
6733 9520
5305 2096
1487 749
7192 8014
41 4049
879 7173
677 9157
3583 2942
1782 685
5109 6363
5526 6492
6953 5163
3248 6506
1129 8175
9401 5316
5534 5711
345 6899
2638 689
8157 8332
9791 7091
363 6549
1647 3240
4730 8224
9779 2013
5583 59
795 6977
1830 7568
7330 7933
8046 2117
3587 3664
5888 4864
7553 9500
514 9778
6388 4453
6944 7054
4930 7310
5351 7551
1419 8195
2617 8259
7146 7180
993 3005
3365 1811
1217 3682
8351 209
7124 1261
3190 9359
6686 37
577 1896
2466 4109
7218 8953
6863 4952
8322 9475
5227 4138
3000 8084
6500 7629
4493 4640
4958 9388
8568 5508
5195 3521
1881 2189
2247 9547
945 6388
4783 3081
3328 6152
6381 7044
5918 8376
6820 9519
6473 4275
2224 9237
5655 6610
5417 5313
6982 1167
6408 1410
4444 1051
7443 1726
1986 3799
7729 1598
3217 1385
4515 1942
6933 2950
4477 2990
5407 4542
6601 9254
2814 6660
4688 8017
7249 8636
2505 7759
5570 5960
4134 4148
6813 6904
2173 4090
2352 5661
6035 6034
4809 2845
5631 5458
247 8305
5540 138
7549 2893
5386 5683
9872 7890
4367 35
2023 5680
7646 7943
2838 9675
1658 1799
556 5057
9338 3394
6673 9096
1579 7177
8355 5486
5511 5236
1197 420
9452 5165
5284 9092
6200 183
1742 8920
3955 2163
517 3483
688 190
1574 4470
6438 7998
9367 5481
6800 6555
6323 2088
7496 5189
5068 6420
5836 8650
2813 964
4002 2530
4601 8631
9725 2640
9434 3650
7745 7729
2424 5797
1803 9331
4420 5726
7875 3259
1396 7553
99 3065
456 4342
3327 6928
2086 4836
3629 3626
368 6521
930 4722
591 4424
9749 1602
9072 5441
121 5389
8875 1598
3854 3648
8032 6613
3305 1952
7257 3968
9357 2480
2943 2198
6129 341
5479 9904
7864 2028
3085 2108
2685 6697
7047 7230
9468 4030
4139 3928
7972 5840
6516 8250
572 125
4501 2951
830 9738
850 7590
7074 2862
275 1018
4789 6397
8898 2044
1375 4603
8790 6260
470 2620
4282 9734
4082 9499
8438 6783
8260 2532
2812 8793
2895 6519
5455 8785
9450 8499
4982 4965
2474 7338
9219 497
2341 1579
6049 7043
3168 2836
1425 1464
7156 4707
7783 8483
155 4652
6743 8392
9617 8756
8744 4654
5045 4938
5589 5294
5009 7794
2334 5963
4253 7332
320 3307
1731 2415
9179 6982
4949 6053
1823 6302
2591 4509
4677 7414
7717 5126
6945 8876
198 1170
8936 3972
992 2945
2551 6660
720 5619
8610 3812
8078 7080
4761 8448
8827 5084
7822 6274
1578 2018
3031 7030
489 602
6340 8100
8556 1180
5620 1155
9321 3571
3181 5649
9946 9484
6824 9190
916 6252
440 3227
936 124
3966 7760
6706 9274
6872 1760
2821 1039
2177 1525
4062 7832
4898 6918
1442 594
1015 4406
4826 7892
7785 4436
6313 9020
7298 3020
3849 5270
3009 4672
5004 9031
6229 9771
9242 5221
3774 2376
8005 5829
9672 2058
5246 281
2501 7271
733 2770
5433 5772
7680 7123
1629 7008
8913 1455
9441 4851
8514 2779
1486 2496
3793 8114
1293 6067
4061 6527
5034 3718
2248 5793
1022 8929
1720 7091
6436 2836
6626 1152
9147 7514
1327 2026
7519 4480
5897 5646
2145 3874
5580 8303
9361 6114
7541 8279
1223 5086
493 6440
5118 3727
603 3238
4720 2862
6186 8473
3460 5984
7773 1081
7901 1822
6572 7248
9307 9583
7139 1776
3244 898
2311 2040
4317 4065
2706 3371
9474 8110
2142 1789
9780 5972
3746 8795
9235 544
2764 5243
2185 5903
2616 8244
3729 6496
7821 8984
7117 8490
8955 8709
2556 1436
7217 4662
9955 1965
3942 7915
7796 9432
1767 8653
6386 5752
44 9401
3797 4552
3564 9634
9205 6067
6574 7452
8031 5560
382 5392
7558 7972
22 2475
4037 8563
4755 8108
955 868
8401 6350
1837 81
7438 6731
2453 1180
2446 6956
9729 6128
1499 7452
7983 1406
7235 8577
8768 2790
1059 3607
8364 9334
6794 4335
5013 2086
412 4271
2429 4644
9801 9376
1545 5194
280 9498
203 8400
7667 3671
2535 5106
7662 4353
8729 9347
9026 9373
8121 721
4773 8167
6036 4328
5982 4914
8540 2386
3054 9447
9214 2300
1709 7609
93 4804
9037 5238
3541 5951
3663 2256
8724 4571
8862 202
4438 6827
1617 5212
1763 3204
8013 3689
2495 3660
7083 3718
3552 7383
5181 9145
4802 2558
6431 9737
9739 625
3416 2473
1976 3567
2485 3498
3609 5252
1049 3277
5830 1421
2272 5021
8959 1447
5114 3378
3497 3238
4026 7972
859 5564
1557 7098
1915 6076
9977 7664
2011 9255
933 6157
7283 5447
7279 8305
1949 5334
8557 5600
7862 8411
7835 3442
1980 2593
3029 9614
6975 5553
5637 5461
9692 8759
8450 7030
1277 793
38 7403
3370 719
8237 1206
8422 4896
1675 81
3675 2682
3963 8713
8041 8153
9030 7007
6041 7725
314 952
9483 4944
4618 5042
9821 4204
5608 5847
5811 4108
2264 7861
7950 5977
157 4542
7587 8580
1724 4557
2689 4984
2963 8975
2717 4795
4235 864
5368 6584
6094 316
831 9799
3131 9467
6536 9718
4078 3587
5872 9130
6803 6760
8524 625
4399 1648
9430 334
4633 6594
2015 1223
4578 3042
9184 6224
1434 2227
9765 6438
251 7004
4526 5105
8004 1602
2596 7549
9283 8271
2292 508
6620 2413
5849 162
9924 1330
5611 396
2122 5999
7845 9450
1122 220
8096 7656
7052 3698
3929 3742
4895 5278
2195 2114
8697 4405
249 5050
2237 6122
8370 6009
2899 5812
3384 3687
8505 9241
9028 1990
7651 2836
9105 5449
3715 5196
1909 1984
2516 7930
1712 1726
9117 5471
4276 1914
8289 7873
5807 3319
3255 3788
4692 866
2179 3105
7879 4484
2792 9224
9558 8067
1101 9041
350 9790
547 7046
4621 1585
4131 5050
393 9370
2579 3899
6301 2567
6093 5947
7772 4104
2336 3102
5319 872
9088 7647
243 839
8856 3554
2705 9075
111 797
219 1181
4442 8344
7181 2137
3118 2688
301 9149
2901 8896
5699 5752
3921 7056
7666 3656
3979 2689
2844 4822
3988 6692
421 8580
2309 6186
4903 9621
6869 720
5976 1942
6958 4996
7353 7127
6728 7551
8541 4049
8727 7665
8751 9994
1480 1713
4068 1437
4009 5886
6845 3977
6197 9183
9036 1719
4574 6568
3610 7601
4706 5064
9837 8394
6542 8560
324 6852
4607 4854
1322 8458
3408 5894
3122 1910
6315 2516
582 618
632 3450
4588 6216
7677 3590
8205 1838
7418 5469
5861 4780
4781 8687
5997 257
8733 4763
1029 173
7102 847
417 1102
1944 970
4926 9776
8616 5091
7860 7223
7140 3019
574 7040
9913 4390
4946 2520
5792 3645
5531 3035
4048 8675
6617 9949
8149 5174
3377 1504
5464 2226
8453 6800
8993 8376
714 3502
2639 176
4636 6747
7369 564
9876 2522
6018 9736
5222 9125
6979 6658
2133 1513
996 6906
2935 9037
1839 6015
6823 815
2843 1240
3580 620
3672 5428
1639 5010
9024 4416
697 9885
9576 2805
3063 8254
2337 8586
6150 7990
7547 6179
888 1947
9406 8804
9708 6537
9786 2930
9090 6270
876 2915
4343 7494
9971 7751
1583 4108
6105 597
968 9454
1808 3188
2052 1021
1897 4054
6781 76
298 4906
7727 1174
1417 7847
9665 8884
1296 7283
8417 7039
3317 9487
9171 1663
267 2120
8569 4443
4257 6680
4608 4235
8117 6229
9546 7340
4742 5324
4398 5980
2637 5446
2883 9163
637 9340
7305 310
3425 684
2286 8352
4434 4215
3143 9263
4582 3757
1793 8173
2299 3313
2273 1646
6265 6871
3982 4902
9942 5558
7724 256
8527 8200
6596 9423
9349 609
4868 2738
6288 5139
3494 9079
3805 5694
4627 4809
5660 1623
5530 1893
9686 6187
3027 3247
7985 6661
2552 1668
8940 3665
3047 2425
1481 4448
8088 2472
2418 8221
2957 4644
233 8331
806 2886
4303 4851
3713 1910
8124 3993
4066 4042
3006 7946
2400 5759
9755 5452
1263 5310
4886 8423
6355 5174
3254 2392
9410 6940
3145 410
6914 3433
3071 1929
3165 8719
9554 29
9146 8731
9991 8894
6074 6885
9847 466
7747 690
3132 5826
9018 5732
6013 786
969 9779
6641 4995
4925 3748
8600 921
5353 9437
5288 2191
808 5145
2154 2811
1765 4618
3600 8806
7697 3609
854 3826
7011 9405
6902 9188
4094 4868
2760 3862
1974 8660
1228 8078
7584 4824
1547 9660
4158 26
4551 64
4096 2105
3134 2040
6553 8454
8459 6285
5132 6068
1144 4850
5975 4504
961 9834
6622 642
8847 7547
5940 5382
5027 3815
7503 2663
4696 2133
9555 4966
1700 2029
8405 961
7244 9741
1843 3371
8598 3091
3140 2595
5329 4950
6971 2416
4812 8101
3819 9299
432 6499
4527 1357
929 3106
2462 3100
8668 5724
2113 180
2525 193
3367 3775
9394 2903
4606 4592
8315 8889
7730 9622
4167 8461
4025 3246
6091 5733
7594 7983
9341 6651
5261 1578
1759 2481
5538 9724
3366 6603
4554 1197
1506 8899
68 328
4027 7189
359 321
6404 8599
6657 8748
7036 4552
6765 9832
2361 8961
5968 9381
7025 5844
1115 760
3950 5076
6413 1445
5721 8681
5937 9836
5496 6931
3603 9614
6862 2790
5273 4669
3087 2232
1275 4789
480 784
7869 2563
2204 9583
8193 3215
1509 3546
535 5262
9891 9292
5898 1231
6245 3108
554 7162
1533 4206
7100 4772
8905 6427
3949 7395
3297 1160
1343 4250
4890 3117
5936 8045
6237 7874
2989 8076
9699 2887
9846 8786
7012 4877
3167 6154
7147 1468
1023 1952
1100 4174
919 1140
9139 3467
6632 3492
2712 854
7246 4861
2669 2696
7944 7302
6346 7172
8587 3622
7060 6558
5604 8159
1514 8733
6913 4658
1714 7240
4430 7329
6564 4732
2852 5344
836 5759
2653 9396
9511 5951
4202 1947
9045 564
9656 7712
7843 689
3070 3314
6853 9853
978 2628
2131 1734
628 582
4760 9250
2715 2206
7286 2123
4762 8307
2768 1703
2891 8683
1388 7437
9497 1278
1061 4536
1193 2968
1662 357
6298 6164
9818 932
241 9817
3864 6849
1136 148
6326 4929
7652 6096
3269 681
7398 9951
6092 2123
4255 3068
5482 3932
9852 3112
1922 9799
5225 383
5396 8971
3126 7328
9777 5708
8246 7654
595 6
8692 4676
6277 7196
1512 6164
7169 3483
8914 9245
3602 266
8469 8315
1173 9283
7511 5431
4029 9611
712 8077
7290 5813
4106 7456
8308 1380
608 3685
4715 8748
2087 8939
5011 9846
2324 952
5108 2225
4921 9011
8240 1630
3998 5255
3714 1902
166 2717
1642 5409
5662 5979
2961 5265
6619 777
8544 2386
5590 1652
1673 8921
9448 7542
5430 9944
8011 7757
7996 7401
3743 538
7910 726
1816 6925
6418 7775
86 3122
6985 2428
802 6774
6809 6725
1963 1839
3213 4509
8145 1247
4703 3033
598 4641
4482 1637
3597 3927
2645 1509
7023 9398
9567 2537
7819 9066
3193 7805
1253 7691
6047 3087
9709 2924
3823 9401
4791 5028
2008 8775
4876 5334
2422 9882
3203 6089
1077 6326
3038 9159
2467 5161
6239 2014
3863 492
2081 5067
3935 4260
6472 1571
8710 882
2803 5204
2730 4313
5291 3783
9788 6428
7690 6075
1230 4949
9165 5012
4919 2324
9412 9469
2298 4069
5641 9110
7974 6494
8504 7868
997 782
4023 3247
4847 1137
2143 4404
5298 2771
9525 4165
2740 403
6391 6958
2047 8181
6946 9768
3677 4687
7978 2964
4402 6655
3293 6462
8472 6340
935 6030
5623 1898
51 3359
1999 1693
9655 1108
6790 955
4883 1599
3150 9347
160 6134
2599 1701
116 9154
9673 8585
1359 9454
7904 1164
911 2702
4758 9731
9505 8179
6842 6969
6633 4922
8893 8451
8369 5577
3562 7546
261 7196
5962 5670
9586 9239
9052 5265
380 6608
7637 7052
7872 4968
3644 808
3939 7371
2539 1092
8022 2236
3432 7922
3920 528
3631 5143
7888 4964
4620 7994
9380 8669
3385 6327
6139 3238
6540 8516
5393 8428
7032 6862
4650 966
3906 7687
4816 9776
5780 8493
4071 5667
392 2215
9343 6029
542 5064
5387 8421
1981 3508
3595 7719
7597 924
6113 5941
8839 4287
170 5344
3833 4273
7855 5128
3174 5125
2578 5833
4368 7883
9667 170
4709 4924
8253 8354
4695 4916
9409 2456
8413 3359
6333 5145
2982 8024
761 8134
7529 8782
740 6830
375 1732
3511 3549
7585 9127
150 4641
4032 9748
5803 6177
6991 8843
2165 4656
1790 8694
8818 2734
1426 4128
505 7560
3194 7233
1924 8866
2818 663
6523 8155
8105 9444
6259 5558
5041 4131
6262 6578
8704 1059
2759 4573
818 2532
3825 2104
5345 3482
4667 4204
5138 2440
6080 5007
9251 5184
2066 2630
7335 189
6718 7968
2521 5370
7786 5793
3180 795
9963 5436
5831 7499
7428 355
1208 1319
6691 288
2605 6055
8948 1834
965 3601
3098 1346
161 6104
8313 1866
5198 5178
400 3221
5487 440
135 6546
5642 5541
9784 3611
7197 3110
7566 6059
6785 1917
1876 8367
8634 8468
5311 9905
2783 3503
533 3932
5735 258
3398 1202
7357 7637
6683 3872
5543 7802
9308 4286
7905 9191
4790 820
2212 6475
7583 1302
4315 9081
49 9860
2714 1131
2171 1081
943 996
639 7792
1294 3045
9355 8135
7856 5068
7844 7106
7777 113
4231 4497
5280 2168
9986 5647
7468 1373
5643 8865
6016 1438
7415 9888
3692 2586
2780 6990
1093 4581
9068 1907
5390 6522
3094 9299
9723 6810
4060 1588
994 6604
4372 9620
1848 5556
9218 2906
2138 7582
2922 3722
8293 3371
6770 8934
4538 256
7657 6044
2908 6763
1806 4971
8164 9947
7848 1558
6383 4714
4008 2913
8551 674
80 6518
9615 6788
7866 7384
5610 7634
4889 2205
1841 6075
3182 6765
2839 5120
7185 8637
8965 2047
6449 2816
2683 709
5254 168
9557 4164
6276 8337
7509 1071
8349 6570
4224 5448
9538 3962
2632 4181
7460 7275
4176 5772
7020 6727
7492 1968
5741 5643
5182 2137
6929 2219
4219 6845
4035 2582
7435 9092
6429 8650
1807 39
449 1210
9907 2857
2397 3173
2435 4017
8816 8585
1082 8495
9303 394
8801 2251
199 1315
3301 1412
6136 2625
2022 5195
8737 7010
2825 779
8891 9418
3381 7463
3011 8224
6208 8495
2046 257
7771 1442
4307 2787
2402 462
6445 6013
4616 3661
5427 878
9890 1818
7342 5312
1431 8262
6545 4699
8817 6198
8641 6043
2020 1292
7225 307
4863 1998
950 3737
4375 5684
3582 2599
5704 7784
8999 6752
5601 5830
605 2688
7505 3463
7277 4233
8278 9497
578 3487
8150 3767
9073 9249
5575 7925
9795 7220
6851 7630
3116 7836
3627 2053
7293 7302
8311 7033
6615 8868
2477 8190
4629 827
9383 8843
7426 6535
2678 1580
1205 1271
2933 8847
6151 6312
4523 8504
119 121
5303 9616
5096 3104
25 3672
3078 8838
8794 9425
2100 8616
4963 6969
589 532
4362 772
838 9662
8214 6876
6804 818
2244 3683
3152 544
448 169
1991 9442
3395 9426
2971 7343
3646 1976
9395 5871
4319 9414
1287 4821
2858 6260
6334 2188
3354 2687
7921 4670
8343 4777
3733 2684
678 5135
7811 9293
2801 3636
1309 4342
4159 4603
3187 8666
9644 9852
9138 4199
899 5029
7344 5770
9897 4654
7278 59
4487 5675
9445 3783
7229 3537
4439 8502
1641 3107
7352 8713
3053 2485
8265 4805
530 397
3034 8213
6801 2404
2270 9119
7762 578
2254 1836
4460 3848
77 5220
1201 6785
8988 7821
646 658
9541 5277
5703 1956
691 13
9352 6207
4163 1143
2775 9538
3857 1218
7951 5655
2594 5094
2550 4353
30 6683
6874 7047
4990 5693
8256 9588
5798 4275
7436 540
6410 8240
3061 9307
2926 9697
1310 3145
6082 2148
1435 663
1207 3832
9177 8910
7312 3825
9259 1555
2934 3802
9481 5226
3842 311
7495 2968
2158 1799
8960 2284
3007 7021
4544 7031
8049 4339
6642 232
2782 9469
1725 4182
1033 6509
675 8498
1306 8679
2690 6202
3298 611
5764 9086
8353 511
8676 5373
5740 5247
6629 4123
1943 7592
9625 1580
6249 9559
4548 8885
4351 3761
4153 1738
5825 4361
7663 70
1304 7624
7934 4232
5488 4937
9137 8768
5822 9118
8607 745
8128 8667
1150 5807
1213 8812
4867 9916
4932 9970
4689 4160
6653 4458
4363 7858
9881 4962
7711 4285
9856 8718
7110 1317
2954 8109
7057 7988
4209 9766
3022 7176
7539 353
4943 9670
1400 3135
4970 9145
4853 7411
5584 579
8770 5413
7531 9554
5445 9480
513 6662
5988 620
7580 861
8620 3509
2170 5934
7399 9082
725 8189
6755 1025
7296 7760
7392 2250
3422 6675
9314 4816
4112 8134
8396 2738
3151 1859
9102 1731
4486 9256
8860 4848
8191 4848
5292 6997
2328 5766
4266 6072
6889 1160
2021 4084
5794 8066
3175 703
2245 7894
8312 5412
4463 7020
2434 8926
5398 3259
7929 4848
9650 493
2737 754
52 2116
4855 9071
7078 6475
5928 929
5151 51
6659 9447
8185 2988
3452 6873
647 4687
8824 6287
1040 9481
6084 2708
1515 5532
4155 5528
3250 716
9061 3415
7069 3438
3668 4204
8123 6436
5072 5314
8055 5104
7715 6911
1219 5213
1114 9442
874 28
1715 5014
7182 8850
3410 3056
7350 3395
3896 2024
9900 4493
370 4717
4366 1342
3700 9751
4934 9540
