5000 4999
3991 4482
1345 3991
4306 4482
3838 4306
4978 4482
2099 1345
4229 2099
511 4229
3583 4482
3379 4306
4110 4978
3276 3379
2781 1345
3239 3991
1512 3583
3881 4978
4957 2781
4029 4482
868 1345
4432 3379
920 4482
185 1345
1295 868
456 1295
4077 511
4439 3991
4434 4306
2329 920
3399 3239
2640 3881
373 4029
3639 4978
794 3379
3306 794
3550 868
4079 3991
2965 4434
2147 1345
1504 2329
4520 4434
2940 868
314 3639
1397 1345
2046 4079
1458 1397
4547 314
48 4432
663 3550
1083 4547
2438 3991
496 2046
396 314
3269 3991
1951 4110
3748 663
4047 4432
1409 4482
3910 4047
2390 3399
4116 1512
2042 4520
4986 3910
2045 3910
2279 2640
527 2781
3524 4978
2721 920
4063 4029
3285 3306
3520 2721
2294 3550
2813 2721
2445 4957
4518 4229
1668 2721
4963 4957
1792 2390
3677 3520
2541 4047
4099 3276
3742 527
3797 314
1278 794
2206 794
2753 3639
4763 4520
2970 1345
2127 2147
1869 2147
1690 3991
292 48
283 3639
849 4099
3039 3742
1742 2042
387 4518
1455 3039
4429 4099
747 4978
1996 2206
4105 2438
2638 4482
4800 4306
1023 511
2141 4306
1832 396
4097 1792
664 4105
2096 2813
1382 1742
783 849
3816 3677
4414 2781
850 3524
4355 2438
726 4520
4953 292
2194 2438
2459 4763
3500 663
901 1742
4916 4077
4967 4986
4264 868
1527 1869
2816 3500
3926 496
79 3926
945 4957
3721 4439
587 726
410 4916
4479 901
1173 1668
3156 1295
861 3677
4682 48
4738 4963
4261 4738
3679 1023
2041 726
1288 3239
3172 2045
2659 4414
2518 314
298 1409
4100 2045
2313 726
1774 1382
3248 4957
4675 4261
2511 3379
4480 4264
3159 3248
1277 747
1053 3838
4496 4800
1342 4953
2906 2753
3241 1295
2893 314
3008 1173
4909 4675
1849 2096
2325 314
4564 4414
2205 1023
438 2147
3503 726
743 1053
3056 4496
1230 2459
1769 4105
448 1504
1836 448
3491 3248
3144 3239
3805 4957
3608 2970
4098 387
366 3991
183 1792
1012 1409
3481 4110
143 4077
1263 3910
2973 3481
325 4986
4122 4479
629 1012
2504 527
4704 3500
974 1512
273 3524
3271 4986
4066 1397
362 2045
2063 4675
2635 920
4757 4306
2319 1455
733 298
2870 1382
3308 4099
1991 2096
120 3503
1716 4264
3381 3241
2522 3491
2021 3481
4838 4564
3661 920
4887 4978
4078 2445
1634 4434
3925 2127
807 2813
3011 1397
3351 4887
287 850
4045 3172
956 3172
1482 362
3117 4738
2520 3748
3605 292
1355 4564
2457 663
1866 807
1669 3550
4809 4045
881 3910
1088 1769
4031 1345
1322 3351
832 3838
20 496
3985 3721
2146 1996
4263 1716
139 2147
2947 794
2358 2438
1532 3399
393 4100
4593 2721
940 1690
3770 273
4499 3308
2805 850
2013 283
263 850
368 2046
4597 3008
3173 4675
3571 1455
322 3742
968 920
4992 1012
3817 2813
777 945
1357 2805
219 1357
1498 273
4945 3639
3368 3056
1894 794
610 2970
1407 4738
3815 4916
3077 2973
2218 610
911 3248
2348 4429
2976 1532
4266 2781
3898 3308
443 2146
846 1716
1352 2457
454 1345
4289 1173
1655 881
591 511
701 3008
2431 4066
2715 1407
1926 726
4577 373
211 2781
2299 1774
4275 3306
115 747
2682 4105
4364 4577
739 1512
319 1342
4239 4564
4016 3379
788 3239
1465 4045
3427 1951
357 783
14 443
2211 3748
1710 3661
4837 4110
932 1278
594 733
2553 4306
3044 3991
3290 396
4359 4593
2436 3817
2488 1655
3322 4547
4035 2041
4237 2445
338 373
714 1668
3853 20
271 945
722 3306
4167 4763
3628 2459
423 2099
2221 3248
2304 2906
4230 4439
4936 2906
1768 3039
30 2805
603 4100
3212 2294
4484 2279
614 3677
1437 2781
1043 2553
2428 283
781 2348
1420 4738
4860 4167
1762 1951
4085 183
4600 3368
4202 4860
1551 287
4844 2488
4493 846
1958 2870
2303 4682
37 2965
620 4016
2935 1991
1685 1951
2487 1482
43 319
4367 3308
3767 4367
3722 4838
1957 4518
1105 1023
3830 292
3106 4359
4526 443
2373 2965
3667 2640
313 1043
4692 4097
4279 4364
2631 3677
3489 2511
4102 3985
2130 1957
910 3830
4862 3269
2416 1762
130 2313
2269 3853
220 1655
752 1357
900 3056
4746 3351
165 1083
643 2146
4433 4264
381 2041
524 4116
3811 4844
4220 4439
558 846
1449 298
200 1023
3943 3661
3074 183
3118 1926
1884 3241
544 287
3340 4909
1811 2021
4700 920
2907 594
2670 2893
867 4526
2837 4110
2969 794
2300 4887
611 643
2791 4078
1496 2042
3592 1458
4466 611
1547 1278
488 3008
2606 4279
2961 3276
1154 1690
1699 610
921 2294
3281 932
3641 2205
3096 4520
3963 3817
1814 3520
1901 2299
297 1926
710 901
1067 2791
4768 611
2547 1926
1413 2504
2378 4429
3590 614
4777 4862
3962 2325
4165 1690
382 3156
4877 733
4896 4202
2509 2606
2343 3816
4460 881
3969 1482
4601 611
2004 4493
2866 2459
1129 297
4358 4099
2760 2631
1238 511
598 2319
1454 591
927 1832
2114 1263
4425 4986
532 3605
2752 220
2203 1894
3842 4466
2332 3379
293 4105
333 1996
468 3721
4651 4877
1211 3770
152 2752
802 1154
2830 2211
4403 3797
859 4414
4069 4916
1673 2961
3630 263
870 968
4690 1673
1056 3239
3738 4682
58 3489
985 2221
118 1849
1852 287
4185 2553
3604 2606
1081 2332
2699 4700
2523 3816
201 3239
4915 2300
24 2760
1391 2640
1520 2294
2628 3881
3848 1655
4973 382
1259 2279
3560 393
3374 48
4137 3503
2794 4239
3404 2319
2607 2906
3599 298
2273 610
1783 788
2142 3560
724 4763
2960 118
4322 4016
3528 2547
3859 297
1855 3859
1395 24
2618 287
4580 2523
804 3056
660 2096
4481 511
1603 4403
55 3248
1414 2304
1242 2893
4686 927
554 3276
3049 714
4438 2206
100 2659
1443 2965
1177 1869
1580 2428
4458 4263
4253 4098
4216 4220
4242 1407
1269 643
4955 747
1422 3308
2902 143
3051 1454
2181 3399
221 3628
2974 3583
3553 3491
4417 2699
1338 43
4874 3848
1593 443
1974 4593
3607 1768
3300 4266
2930 1391
3378 2902
4656 945
1167 118
4866 1352
3116 4916
1822 48
842 4844
2941 220
2697 722
3614 3281
1806 263
1491 3300
1640 804
2533 2870
3844 2325
3192 643
3484 48
4536 1996
4693 200
3509 2358
2164 1211
1194 3379
3582 263
2580 3427
2140 3550
978 2638
2931 2300
3840 2631
879 2893
3273 2628
3664 643
489 3667
4086 2445
2634 4417
3359 788
4628 927
51 4700
289 1769
1241 1230
4148 1382
883 4651
4910 4992
3718 883
4103 4289
4026 978
2308 2313
2344 901
1072 152
4879 4261
4858 319
4452 2509
1208 3677
1751 4261
1950 2390
2408 4955
2745 4306
1880 1167
2497 4763
2549 1443
3065 2042
1488 3379
3294 4777
3438 3117
4658 271
1928 4016
2339 527
1172 2580
4861 3679
4177 1263
3436 4466
2911 263
2255 2830
858 1974
367 1345
1794 2631
2044 4239
1798 2304
4346 4862
4712 3848
1193 4577
4246 4029
2031 3830
2476 4105
1393 2141
384 2976
3537 4035
1985 2476
993 2211
435 4887
316 2487
3706 4077
159 2031
3854 4264
4094 993
4776 2520
4708 1409
1833 1422
288 1154
3170 24
1010 1342
95 2343
3548 1901
3655 2659
4807 1822
2322 1996
1048 1512
2885 4738
3983 920
2188 2715
1360 1482
3470 454
2957 920
4836 292
692 594
1381 1242
131 2866
3699 4029
1317 2753
4379 2523
1271 3520
1471 131
2730 1836
3841 2957
4544 4063
1256 4216
3798 3667
3741 4692
3715 1208
4559 4029
3829 3322
2773 48
1216 3116
2559 901
1808 4837
3142 4116
4834 2099
2066 2974
564 4496
1506 832
3371 1520
3530 3582
449 2348
2236 3399
803 4031
3223 2974
4050 3371
4135 4433
3221 3371
719 3738
2879 3859
3323 2445
566 4945
634 4016
31 3699
196 4834
1570 1397
1896 2358
270 1512
1025 788
2268 4874
1627 2329
3649 2870
2609 4597
4611 449
4117 1048
4428 4137
3680 1855
1160 643
4722 4686
661 777
3970 3721
2018 4242
326 3239
3243 2044
4850 4953
1585 443
2485 781
6 4986
4906 883
2126 4499
2539 993
1695 4230
3258 1504
3225 3560
2789 1056
2143 4050
3847 1794
459 3116
3849 270
82 4482
4681 1381
4383 1025
2605 1216
272 2218
2293 544
2856 910
2103 4690
4604 3604
623 4967
559 443
206 3173
640 2659
4034 79
1433 4063
4023 3599
2128 1242
3205 4577
3944 79
2186 4414
4852 1783
4542 219
4820 3142
1153 1242
2933 1640
1803 2273
702 3639
521 4978
2899 4986
2596 4432
4384 1081
2722 1465
3698 3847
4731 1177
255 30
321 4029
2713 1211
4732 1238
93 1547
787 1996
2800 3718
579 3106
3105 289
4756 4604
658 4026
1582 2930
3711 3805
1093 1259
397 1129
1545 443
4164 4066
3950 1822
845 4493
4209 1395
4203 2428
4259 3205
3238 3271
1602 4763
361 1798
2214 255
4840 4379
2285 4479
1888 807
1577 4692
1401 2518
1970 714
514 4239
3129 4414
3497 2319
1427 338
2770 1449
1990 1352
1920 3243
3411 4731
3279 3530
3350 4079
419 4656
538 743
4990 4237
3487 3524
1120 2697
2477 1896
4365 3374
4811 527
1539 867
91 387
2396 1382
251 2522
3814 4731
1239 3290
1069 4085
555 4466
1883 849
4744 3273
374 1342
2905 3118
3430 2830
4082 2730
4329 366
2172 945
3010 4700
4423 4148
437 3351
4855 2303
2246 3590
4212 968
696 2745
2874 2618
1933 610
4300 4658
2999 2497
4718 2130
1097 4047
3166 2753
1247 2791
759 4544
1299 2172
4095 2373
1562 788
442 3044
2349 30
64 2142
173 3655
4904 4259
950 3503
4208 3853
3965 1811
2155 1880
992 496
895 2373
1911 807
835 4379
2862 3677
2598 724
68 4097
1202 4300
2703 3509
2632 4518
4068 387
1103 4686
1771 2477
4771 4237
3055 4800
3220 2004
1815 1833
3567 4122
697 1669
2757 1926
1660 2046
3763 788
3835 2520
3349 2390
4436 696
891 2905
3209 1083
1017 4693
72 24
2733 1811
3863 4432
4653 4077
531 2607
1945 701
4222 3699
4616 544
580 4078
1478 845
4933 3649
4494 3258
998 2268
1431 4906
1904 940
2179 2682
365 881
3979 2638
1576 48
2288 3583
351 3241
546 93
1540 4493
980 4577
245 4209
4450 4858
3851 4164
636 719
4856 4103
2451 4722
2354 2905
1022 4222
3632 37
2841 4346
1790 1153
3686 1673
1047 3170
3850 2445
2515 3010
4326 185
320 1208
4473 4068
4324 3509
1649 2046
1652 1926
4796 320
2766 3077
3595 980
1013 2504
3160 3192
599 3814
3855 4079
887 945
3218 2902
1962 4047
2070 397
1354 4322
903 3044
536 2973
4935 661
4454 3220
3443 293
2015 4259
4854 2211
3485 272
3788 1699
142 367
2032 322
2418 4367
2092 2172
3357 591
1332 536
3887 201
4200 1685
3257 319
3751 1582
2967 3661
4153 4738
4024 2140
717 384
1276 1097
3184 366
4598 1488
1310 4229
744 3748
4083 3484
2771 4722
2144 3567
3884 255
2429 3898
2202 591
2381 272
3478 2905
2517 2553
680 82
2765 3160
4826 1577
3552 4047
4624 1920
775 1216
2644 3218
2224 2940
2366 3630
3131 4346
827 2862
2449 1010
3139 4031
3876 2931
4145 2322
789 4992
4883 3049
1116 387
1601 3844
4695 270
1285 321
975 4681
3195 2659
2702 1276
964 2128
391 2449
282 2733
3262 807
2014 744
3206 1551
540 2770
698 660
2769 4704
4465 4598
4753 3056
3095 3411
4267 283
3127 4068
1728 272
3762 2181
718 1010
113 3238
1567 3567
553 320
1875 3139
4530 1173
1942 4306
1969 2329
4399 2188
2574 3863
2101 4329
593 614
3893 185
1366 3436
3577 2099
178 4744
398 1869
2694 1056
1681 1238
4627 3470
2801 283
509 3381
1573 1803
2566 2445
2134 2142
3204 1792
4337 879
670 2911
3891 3243
2793 2794
1091 3430
3613 4346
4223 387
2641 531
1387 1950
2652 314
3002 3368
3138 1023
1374 1202
1867 1276
3652 3160
1005 559
4046 1409
2254 2114
1584 4807
3122 1276
2746 1091
4301 2520
1740 2628
132 4906
860 3718
915 4800
986 4153
3015 3847
3637 4035
2908 4731
2456 488
2425 4079
250 3205
3181 2682
1246 2974
4373 1387
4507 692
1192 643
3542 2205
2959 4837
1082 1547
481 623
1648 4593
4112 2205
1077 1728
3924 4082
688 2293
2065 975
4413 2961
1261 3106
2338 3436
3422 4454
653 1551
3688 2715
1662 30
4461 4436
1870 2941
3458 1288
735 2640
596 1728
2243 2348
519 2515
2642 3847
4999 2766
4701 1116
4576 2285
1223 4692
1563 3853
1757 2181
748 2348
334 3276
2928 4999
572 2580
3586 4458
705 1230
1865 4686
2705 3273
1923 3258
2500 1431
2876 3788
2165 1242
3993 3011
1009 2396
1123 1263
2433 2018
1373 2632
3292 287
2913 4704
676 1942
3336 2021
3383 165
1741 3592
342 1798
897 3248
4703 4329
3778 2634
2529 351
904 3524
350 4909
1469 3359
19 2044
3512 2221
4911 2269
3067 351
4779 43
930 546
1569 735
1613 4322
4437 3458
4517 2631
2956 1808
4685 4384
3868 2789
3124 1012
4330 2876
309 271
1011 3798
4028 3438
2884 4628
2619 4482
770 1422
1623 676
2256 2186
240 2781
1215 968
1702 3257
3313 2349
1777 1562
1924 2319
731 3096
571 206
1988 4695
2668 1957
1887 3944
2991 910
4412 2773
2937 3172
1099 2609
578 1354
2080 4627
2938 2322
966 897
1176 3212
353 2870
41 2961
4900 2659
3038 4078
3090 2619
3539 3159
377 2906
4608 1082
1014 1648
3713 423
371 2757
4406 1512
1927 4200
3618 1420
1217 1567
2836 2338
4640 1077
1122 1192
3733 3979
4619 2974
4486 1288
2377 1690
286 4640
1616 3206
4407 2172
181 1393
2351 2760
1657 3124
3072 4450
4126 3983
2270 775
617 1422
323 4738
843 132
1625 2574
3978 4406
590 3814
386 2634
4118 1920
4459 1397
3060 219
1863 3127
3428 4957
4713 2771
1671 4439
1143 509
1333 2431
4362 3170
1524 4050
3286 2938
3247 4479
2966 1904
516 2459
4991 3613
243 3300
5 4203
3953 744
765 2378
3005 2378
2085 1407
2159 319
935 4267
2812 3618
3822 2607
1379 3374
984 950
3795 1259
4926 1660
2245 1924
161 1863
1321 2813
254 3738
2649 1710
1788 2607
4075 3368
4409 1803
266 3306
1750 1420
2253 2520
3976 553
1773 2800
1575 2789
855 365
1340 4604
2424 454
3697 1172
4091 2771
1953 3849
3682 4099
4260 4216
102 2396
4793 4300
1676 2018
1281 1299
503 1239
2455 558
2734 2255
2998 2836
1018 3605
1784 859
3284 4850
4427 2438
4315 3105
857 1433
2819 4486
3296 2769
1846 31
3812 1545
3407 4628
69 4712
3347 3218
2985 2609
3366 1547
2772 3160
2992 1577
4804 2974
2446 2721
687 1413
869 1774
1229 617
2158 1702
1108 443
344 3814
3995 2143
2047 718
1826 1242
2665 1585
2055 4216
2823 3105
227 2354
1817 1082
1796 1790
4391 3595
3941 4301
4495 2063
4018 4771
1024 3411
4657 1217
3193 4230
2621 1563
340 4704
329 4820
4401 591
4626 3742
101 2128
695 1852
2257 4324
672 3306
2894 373
2624 4862
4056 3969
3591 617
3031 3011
3057 371
3240 3049
3426 3407
2729 2046
3297 564
3987 3722
3052 1333
3880 2902
3808 2515
3066 1208
3402 915
1203 1950
399 701
2249 272
3964 603
2528 2431
1999 6
1006 3038
1756 2801
4709 4216
4831 1072
3866 2812
4550 333
2891 386
3975 1391
4273 4433
3146 322
4797 2344
3765 4547
3915 3206
4014 69
2860 3590
4993 524
1874 2960
3634 102
2226 4024
839 2705
750 4518
4025 697
1489 4611
1606 386
4739 4904
3384 2541
2804 2631
1781 266
4371 250
1760 1024
3050 1116
2544 3891
4962 2186
3012 3830
3082 3742
2569 2181
2029 20
330 4495
4505 1413
2809 744
4252 3893
1509 1321
898 2961
585 2745
3214 2214
2196 532
3069 3160
4832 4505
2864 3159
1398 2143
1486 2127
1320 4686
4420 3849
2878 4300
2382 330
4865 2878
307 3485
261 2476
2561 69
650 4069
471 4600
565 3582
3710 101
2385 546
1213 481
379 724
2138 846
2260 4744
4192 438
1289 984
4531 3489
2314 572
455 1433
3547 118
616 2354
4041 636
755 1547
4020 2659
3782 4153
1614 2055
3870 3359
4941 503
3345 2703
4298 41
716 2911
1095 881
3568 178
258 3067
4645 4900
4643 4091
3907 4779
4162 3438
2572 4645
1691 4056
453 3677
2839 2682
4755 1354
1890 2668
3006 3296
1882 1414
738 293
3739 3829
2901 381
815 3144
988 1176
2005 3782
4380 1281
2802 2816
450 3072
4724 4094
4995 2378
981 1471
407 4263
4965 4564
1809 3741
75 2609
1308 4616
1328 1091
622 2224
4589 286
1185 731
886 1681
4339 2358
3610 3739
2510 714
589 4722
2071 3218
1318 2569
2590 2511
3254 374
3813 2800
228 1613
1708 2319
800 1809
4997 2322
2209 263
2645 2635
4357 258
2681 4117
1787 3978
2824 2428
1744 846
4455 3257
1964 3552
3619 1017
583 755
46 165
2239 118
3230 2703
4352 870
3584 3172
3624 4018
4706 2070
2929 143
1450 481
2296 489
2503 1366
4630 3122
4453 719
2180 2702
3252 1246
1364 815
971 897
547 3297
3948 1203
2948 3628
2222 2632
2462 1883
1937 3044
1055 143
619 2697
510 263
1106 3359
4092 1627
1687 3853
4149 867
4903 4420
4449 975
3009 4531
1305 58
116 2509
2437 4149
3420 3438
3022 2523
4815 4657
3026 3262
500 2144
2397 3470
874 775
1518 1826
1159 3122
3663 2967
4554 1649
3169 2907
3545 1215
4780 14
679 3500
3730 1433
267 4300
134 3944
4652 2092
2650 3300
2167 2063
1219 702
2043 2559
4789 4978
4615 3074
2936 75
3650 3077
2048 3378
1738 634
4646 3371
694 1676
2266 1792
4019 2141
327 1332
4392 1373
3670 19
21 4507
4052 2063
2859 4712
4966 4230
1362 716
1312 1482
347 1769
3161 468
259 1295
164 664
3980 1108
939 347
604 4768
3395 1681
2563 583
2136 1409
575 2245
4139 1083
2750 4978
4243 2670
223 4414
3196 3859
830 1669
3356 1387
4729 2221
4305 3225
4895 2366
1464 3286
1300 804
551 3698
970 4997
311 3898
409 697
2975 287
3459 4439
1978 263
3373 1524
2560 2640
3908 2906
104 2699
4129 185
4157 3340
823 4020
2758 1794
2392 3630
873 1708
3341 4029
2454 544
2259 3209
2988 1099
1979 263
4013 940
3425 2147
2514 676
3387 4315
2762 2862
1860 3811
557 3379
1453 4589
2364 2285
2235 3031
2848 898
1737 3427
2292 2624
3043 3214
4070 4237
25 1006
4140 4704
4138 1393
2490 516
1743 511
2521 3950
979 1737
1922 2042
231 3459
4613 3985
4188 564
3615 2500
936 3065
2578 3652
3219 724
3278 4301
301 3239
1101 3560
1725 895
1734 273
4827 4909
2100 3077
1265 3599
2271 24
2452 14
4178 3891
3145 1532
4042 4797
1764 1194
7 2885
28 672
4747 2188
1472 2893
4395 381
961 309
494 240
3708 886
2365 2144
3034 1242
306 2066
4476 164
3934 221
1430 1299
163 2260
4557 857
3319 3074
4176 2823
3265 307
3203 3751
3003 2014
1127 4099
2383 5
413 1833
4071 3590
216 4640
3492 4874
2388 705
3646 748
2853 3205
260 4965
4711 3975
3083 3567
2072 3713
3761 2906
556 2045
4245 2856
4571 2631
2174 3979
1600 2373
1426 1702
3088 381
4714 1246
458 3652
203 326
2405 739
816 1634
3984 4554
299 4263
247 2715
3640 4993
730 1391
1085 717
2783 2541
4340 3608
3024 4653
2484 4550
460 2385
395 4401
3242 556
3657 43
144 4866
2854 1488
4418 2624
3727 590
50 2652
871 1792
1934 4656
4812 2973
3114 4014
2950 945
4292 273
94 4165
40 739
2932 2181
4080 2773
2512 3247
592 765
4297 2713
1719 4834
3956 407
1987 4827
1032 4246
97 3341
2810 2969
3324 538
4691 3670
2666 3699
1349 2292
2028 159
3931 1167
2412 4433
548 2452
766 3618
1513 4423
473 4267
4841 3722
2062 159
2680 1708
659 1491
225 3816
4089 3038
2732 1009
252 3590
4835 3422
3882 3230
1579 1562
4537 571
4435 2794
1327 3323
3707 1271
906 2960
1225 2257
4671 4700
2185 510
2152 4701
2426 1769
2124 2044
4154 2853
4599 3239
466 4997
4596 14
1268 842
1459 4263
3596 1024
502 1318
4728 2143
2834 4580
1348 255
265 3055
1807 572
1132 816
4621 1320
1121 3733
1296 4711
2049 883
4928 3220
1636 4955
550 4103
2626 1649
1147 2940
4341 488
1885 2358
4730 2257
303 1788
3307 2477
3190 733
4808 2697
2328 992
3714 2358
4470 245
4901 868
2987 4018
2019 4709
3885 102
1813 4730
1416 3050
63 2522
4381 4915
2594 3816
884 3319
3201 3066
4010 28
3803 3855
2415 1725
2963 30
2507 3680
2808 4836
2663 775
665 1349
507 4476
1068 2808
1732 3842
1677 4242
2616 4547
4787 777
607 1970
4215 3438
942 351
3089 1106
4388 68
2506 634
1224 4202
2653 3915
3253 3313
3188 2870
2156 1942
1164 4192
67 3830
4960 4600
2917 546
317 3592
4228 4149
3531 2202
4661 1194
4456 2485
3025 4537
1253 20
3457 2533
2277 3426
2264 316
1799 920
852 1806
4765 3395
1805 3427
681 4427
1231 974
4529 2314
2208 3840
1222 1010
3199 2974
1571 173
3245 794
308 178
3266 3721
1226 4820
1973 3708
3642 4301
3343 1773
1150 679
1943 1869
2712 1018
1303 688
2719 2332
401 143
352 3682
3445 263
3210 2870
1026 1354
1683 3854
3611 1787
2050 2373
709 2364
294 4315
3474 1867
3041 858
1684 2049
3687 1093
3518 4434
826 3404
1198 2864
1700 4137
2175 142
3777 1769
3693 2901
2725 1387
3255 3192
2679 1069
1304 3657
2151 3591
1064 1295
1828 4991
2149 4739
3136 220
848 1649
4817 4793
3483 4840
4535 2771
4562 4701
3759 1357
4584 3347
1596 4112
3766 3646
4506 1958
3945 4645
3274 2520
2464 4613
61 4615
2513 1867
2689 2719
3495 1185
3042 849
4548 1702
2820 2452
912 263
2570 4118
349 2893
798 3378
269 3547
2736 1890
2105 735
3468 2296
4002 455
3280 1143
902 4990
1139 2484
1319 1382
4257 3885
4863 2893
1531 4138
1693 4624
358 679
533 1153
2579 3190
168 3907
3638 4714
3874 3634
420 4653
2587 4461
822 2930
3576 2303
404 1996
3954 2936
4654 494
3648 1669
828 3528
2411 1024
2711 4406
3113 3763
605 970
1610 2338
4949 2146
4996 258
3671 2645
35 3571
2845 3478
4121 82
3486 1465
4377 4619
4944 2998
1959 4481
3466 200
987 4046
99 4700
1663 3715
4393 2149
1030 4836
98 3483
773 2203
158 250
931 1226
3081 2808
1553 4340
818 710
4036 4105
1967 2348
2667 4455
4146 489
2492 2791
2182 4148
1460 200
4037 3844
2654 481
153 4681
2573 2308
1595 1832
4707 3204
2122 1527
542 735
3277 4383
1196 1894
3904 1285
4160 2640
1090 3567
518 3934
499 221
3413 4137
3659 4729
2978 1127
780 4811
29 2049
4210 3770
300 3012
1186 4479
4660 4289
3298 31
3806 46
2414 4615
4501 2155
1499 4118
3857 4755
1039 4023
4189 2961
3016 2325
4302 4904
1104 4223
3940 4518
1816 1832
451 1332
767 3088
339 2966
4221 227
1282 2932
426 4428
483 181
2261 4461
2914 3379
4649 2758
2472 956
4211 2165
1102 4420
4569 873
417 3885
1536 75
4784 2987
2038 4470
840 580
2825 2415
638 544
1293 822
2079 4506
136 4243
1980 4661
2806 3474
704 553
3424 259
4468 3584
4534 3697
1347 629
4591 1246
1919 1648
492 640
1763 2349
1441 4877
2586 3765
1733 4473
1070 2781
1435 2970
1511 2793
4573 3652
4930 1278
3389 2999
2089 1009
3288 386
4579 2702
4431 492
1775 2689
4984 4910
2132 2689
3997 3095
613 2730
3109 2313
3388 2378
1795 1317
4802 159
4217 2050
4538 358
4498 4222
56 3323
2691 617
2803 2222
4175 2038
624 4380
2315 3201
2284 4377
4582 368
3047 3009
4927 1129
675 3443
2727 3478
3100 1874
1936 4432
4749 1104
972 183
2118 68
4338 2151
2568 1531
563 4866
962 4480
2212 2682
3899 1154
3363 3131
4163 139
1168 701
127 2931
2828 1742
1350 3485
3532 1303
4342 4112
2272 3545
2474 4192
1713 4037
2094 289
1371 143
2161 2319
4169 2515
3555 2080
1315 4063
2215 2940
359 4949
378 860
4644 1006
3909 270
2693 3604
4351 3239
3130 245
2838 443
925 1023
4799 3567
4247 3166
3272 2594
4448 4784
135 1904
560 4640
1704 988
3431 2509
3836 1828
3598 4037
2060 868
1436 1088
433 1271
3678 1788
4350 3943
1353 288
2552 3160
4828 4593
1895 1472
905 2801
2986 4339
1232 1640
1384 3138
1170 344
1388 692
2655 433
215 2424
3097 4640
2996 1450
3502 185
166 100
3955 2130
403 2891
4376 1769
1236 2174
15 2745
2584 1459
2817 3277
2301 3286
4614 1164
2795 4216
3775 3524
3476 2028
4134 303
4039 2515
4717 3500
2250 3489
1402 1733
4551 1863
246 558
4702 2902
4985 1660
4186 3611
1598 900
3875 4945
1515 2694
370 887
520 3041
87 1895
631 1756
3862 2161
1954 1013
2054 153
1480 4222
982 1943
1262 3038
4405 1817
1326 4911
1165 4452
2562 15
49 3366
682 4640
2896 2806
3834 3204
388 4465
880 2221
758 1427
1989 4841
1893 4305
402 2013
421 1055
1633 3201
4982 1790
4334 297
3071 451
2519 2446
2843 4579
2295 1719
4081 3026
2756 3468
3662 724
892 839
3972 1870
3021 1453
1630 3640
844 2351
2345 1970
464 1896
490 2304
3305 2561
3208 3144
1839 3661
4128 1839
42 835
4293 7
2612 2539
2534 2246
3111 1416
3527 4428
3498 755
400 1232
3333 1693
1128 4797
140 4817
4819 4034
720 2978
4033 288
3937 3671
1152 1991
3919 3042
457 3853
539 370
1325 594
1112 1203
4791 716
1497 794
2290 2544
4286 4209
2491 521
3787 4380
821 1431
62 653
2064 3934
4605 1305
4398 3770
2531 1808
3261 4357
1125 2202
1872 1750
576 988
4017 323
1590 3714
2187 1025
2720 3238
1679 744
4893 4023
372 3667
1369 3055
1549 3671
3197 962
1857 4615
1003 1409
3472 3835
3723 3714
4424 231
1114 4217
1929 4091
4510 379
3150 1398
3504 1805
3222 4223
2832 2659
3617 4176
1654 3159
1272 1232
1612 1815
3259 2628
1791 2100
3346 2771
3735 3995
2614 1630
1392 442
74 1567
4977 4094
689 6
2764 2186
2643 449
4500 1125
1643 1634
4617 688
3581 2021
3768 4454
671 3853
2086 591
1992 518
3717 3887
312 2332
2972 4437
4123 4571
3665 4724
1086 288
389 4146
114 2824
3229 2713
2320 2414
463 1246
1786 622
2554 1122
3858 2544
1479 4302
3364 3424
4133 254
3554 2429
4720 4802
2543 1612
2199 2959
3194 4473
4443 338
3501 3962
3666 2758
4205 3090
2421 4982
3578 4713
3856 2094
4378 3849
1604 1992
2591 898
3776 898
1062 2607
1378 450
3000 676
2989 1401
3546 1623
4158 3181
4184 4391
3264 1937
894 1929
2106 4658
4224 4819
1755 4167
4699 881
3579 1116
3536 911
2331 458
1060 724
4062 3909
4790 4991
226 3854
3104 3501
109 2366
4588 1787
3740 3243
3391 1817
761 2484
23 906
210 681
3716 2172
217 3504
3692 1360
4402 4791
734 3172
2039 4260
1747 2579
3189 2194
2610 2699
768 28
2496 1867
601 4621
4782 1633
4430 1737
2238 1762
2119 3218
699 359
2597 634
1302 2072
1331 3388
1162 4619
3226 3822
1941 4965
1008 389
2873 3943
262 518
1475 1602
677 1317
4093 100
2958 992
4869 1669
2759 3300
4940 4399
1297 4645
190 3254
1341 2491
425 2261
4585 423
3872 3955
2453 3838
0 2750
1078 2106
2592 4776
1251 3359
3971 2808
1948 2373
2875 2917
1552 2348
4845 777
3826 1238
2010 4482
4813 1934
2536 1513
3589 1623
3949 2457
3786 1299
4284 871
3658 1208
249 2795
2647 4930
1548 4428
3832 4045
428 870
2410 1786
2207 4714
1698 2179
4629 4217
3342 1349
1019 1379
1201 421
2646 2474
2754 4289
2441 3742
1620 2186
2855 4621
2232 2999
3461 3777
4759 4267
4595 3204
3744 1387
3922 660
1731 1738
3653 4579
150 1496
184 2631
863 3170
3651 3770
2945 815
4335 4175
1279 2838
3465 1062
1897 3169
2342 4531
194 1478
3267 4904
1544 4452
3629 2144
2761 4230
4539 3223
1098 3116
408 161
2465 2679
2157 20
4648 1504
1516 1315
1336 492
3394 3733
3992 2507
4004 1872
1200 4050
1367 4298
2525 3259
4049 4465
348 4116
3263 2635
641 2640
1000 3922
3355 4554
1346 306
4989 1698
2402 3835
4969 3229
230 1095
2166 1625
3268 2568
1221 3443
3656 1123
2006 3238
1290 3219
2078 4747
154 3225
2678 4704
3176 2973
3119 3993
2890 1097
2227 1934
4994 4083
2604 2211
3865 988
2458 939
4634 2521
4581 443
1736 1700
199 3420
4592 3512
4721 4129
3396 4965
1209 3579
2847 844
3401 3341
841 1048
3636 610
1110 4392
2162 3891
1723 1465
4489 2331
1421 699
4677 1948
1767 981
1626 891
3102 4117
3923 4045
990 884
3075 1540
4076 1232
3332 619
3894 4904
1568 2507
133 135
4394 2049
588 377
2944 425
1909 1548
495 2209
654 571
1119 3863
2840 2319
3570 4837
4667 2930
1850 3532
706 622
3186 765
1714 135
70 1867
1029 2839
882 1836
937 327
3952 1095
4440 3277
2289 4083
2242 1740
3780 1602
2131 2174
4673 2906
1675 201
1500 3829
3412 3201
2796 1229
2527 823
685 1150
4523 2415
4311 1693
237 3458
4830 184
447 1798
4477 3264
4920 1616
3609 3613
3283 1693
2443 1702
2137 3780
4183 3336
3558 2640
4639 1863
4674 733
3415 1348
1144 1606
4366 1760
112 653
3939 4230
175 1934
375 358
1142 4149
2684 2730
444 827
482 2549
461 4026
1361 4149
3588 1580
4934 1648
3506 339
1343 4414
4816 2079
331 3267
4124 4334
4318 2913
4171 1568
3889 261
2297 592
2113 2645
1148 1168
1686 2874
4743 3150
4748 4949
4549 421
3516 127
4369 4554
4553 4738
2588 2134
1446 2512
3310 3613
1589 2722
3510 215
2399 680
1065 1636
2444 40
415 4608
2710 1817
1054 3788
1007 704
4567 2569
3620 1500
1027 2961
2117 3095
3561 3483
1931 4162
2787 4211
649 3599
1688 2415
1550 3992
3337 2078
4030 4746
2231 4945
1841 1731
3994 3457
1403 1813
3958 3012
3442 1093
4975 4507
666 3962
3574 3926
1557 4324
1521 624
2000 1112
644 3546
2669 3642
1993 4434
2023 4807
2393 199
3040 520
4111 3576
2216 1550
4698 2127
2993 2019
2709 421
3917 2186
2903 2117
85 2682
1914 2206
1266 2653
4533 1846
3207 263
729 1934
2012 1732
4283 2044
3070 154
332 2185
2686 710
4762 663
1094 262
3367 79
948 1165
3304 408
3783 2114
4723 2322
3064 680
3593 3378
4766 2106
2470 1767
4971 2612
581 2684
4929 1381
2112 181
1002 3077
4445 366
2971 4275
4396 1860
2283 1536
3673 1660
3418 1480
723 158
1854 2604
4227 2243
1907 135
517 3495
3480 4747
1021 1633
3755 3199
727 3474
1133 3345
2007 1907
4404 2351
1298 2689
4750 1303
3076 3555
2868 3815
4309 4357
1778 4906
2330 4941
2676 3265
3774 31
949 4111
3376 200
1588 262
4368 3504
4317 2793
2395 844
2700 638
1574 4052
2321 3337
2977 2428
3600 4352
2799 3925
3769 2913
4331 199
3801 3619
1611 2543
1847 3671
2129 4484
4925 3483
3316 3221
2467 4962
3440 3039
1968 4817
1851 317
1275 4041
3523 4484
4269 2517
854 3851
1503 4062
4363 3697
4857 4103
1528 1704
176 4984
1761 2856
4197 4836
4736 1242
2776 2645
2374 2761
3149 846
4767 1322
1526 99
888 2783
4760 3189
474 4901
2846 2563
2892 3850
4959 4729
2821 1685
4914 1993
3311 4661
4922 2978
2829 4756
4303 3578
2881 3608
121 4369
1692 3420
162 2789
1835 972
2471 2129
813 675
4313 987
2912 1743
1187 1012
2432 4627
1076 1342
4159 4506
3918 1751
4741 163
1746 1562
1258 3366
2030 1000
746 3322
1301 1262
3469 1162
1670 3909
2639 1373
1004 4517
923 1826
513 1882
2401 1524
4290 3958
3749 2202
3533 1931
779 2594
2542 2444
4206 956
3785 311
4295 4070
3158 3276
4274 3271
1639 2277
4956 2544
3750 4292
1754 1077
1063 4542
3123 1328
2915 3015
3627 975
89 2874
4307 4036
1891 2781
2818 4569
1801 2271
2538 1246
1461 3509
2995 507
3911 2631
3932 4189
2651 1948
3329 594
17 631
284 1489
3335 3040
2011 183
876 3637
4003 717
875 2534
1257 2331
1016 1427
2282 1571
1886 739
3852 227
2375 3371
4761 301
4107 1362
1033 2531
3215 3943
2865 4401
2069 3242
4375 3882
345 4925
394 1455
997 4728
2883 300
2448 1213
791 3795
633 4861
3540 2301
3423 4896
805 2268
2797 748
3702 1076
1717 4996
2413 4039
4716 461
3754 4498
170 3006
4919 4315
2265 3123
1981 4520
3974 730
4194 3841
3700 3775
4150 4148
4884 1945
3695 3714
4846 3948
3905 1985
2499 807
2481 3774
2058 0
337 1732
4195 2592
2016 442
2367 3841
2904 2261
4814 1299
831 2271
1191 375
808 553
57 4695
4236 1585
1638 1436
4051 4002
3128 1486
2229 1937
745 3142
2708 4640
2877 4243
3820 3812
1140 4796
914 591
2469 4681
476 1303
1879 158
4689 4236
1956 4163
4583 3872
648 692
4262 2821
4913 3636
1432 37
2163 2474
4174 2905
3747 79
1291 50
1646 1942
1505 444
1126 2124
4115 3259
1267 1813
4360 3727
4410 514
1036 883
4012 4358
2440 4259
1255 3917
995 353
3087 4756
2359 1888
83 2438
1650 4588
2962 2167
3151 777
1977 3292
3982 1325
1481 4494
973 4311
3793 2802
3541 4820
1678 3197
3234 4373
1572 3570
3675 400
1444 4398
3933 4494
3132 2319
4663 3034
4255 1265
285 2626
3543 2089
182 1598
951 2099
2435 3272
2230 2086
4280 2268
392 4458
4389 2991
4106 2294
2305 495
2210 1673
1703 3363
994 37
3959 1527
2244 2906
1529 4175
1853 2635
3790 4098
445 1295
4849 4692
479 4901
3228 915
2850 1215
2248 981
3794 1276
4087 2149
2191 3941
1494 3571
4794 3680
693 381
1448 3589
3165 3777
1597 876
2968 1590
2739 3924
784 4137
4152 1008
2919 1116
3093 1039
1608 168
976 1833
657 2418
889 2070
4672 1611
2629 1295
4442 4840
281 2846
3456 4728
4650 381
2615 225
1961 1236
4983 4364
4568 770
4961 3650
2498 664
1138 936
4578 2711
1840 2129
957 3052
9 3532
3163 1201
2869 702
2637 3749
1877 4266
3781 4904
847 906
793 4470
1659 3857
4131 399
4638 1328
3573 2854
1146 292
955 882
4040 4495
2815 2614
3703 3812
3818 3553
1930 3484
108 4230
3061 2806
1819 2069
3344 2635
4001 2776
1902 681
1417 564
810 1014
1307 531
2123 982
3120 906
4905 2207
4897 4840
4609 1520
977 1676
4471 2578
3522 4743
2767 3212
2567 2288
3563 1595
2867 3774
4635 131
2110 1010
2213 271
4565 2510
4336 4895
528 114
4007 3713
820 3487
3519 2012
1802 4092
2237 4708
2735 572
2704 2138
771 4797
2326 4799
1664 3887
4558 240
4386 3638
1396 1611
4319 798
4104 1016
3020 821
4754 4395
2662 3124
3004 4956
512 2086
2673 4967
1667 1444
3878 4025
157 2995
3232 331
2475 1638
4572 3659
2 4381
4745 2619
959 622
3200 3665
753 1989
1995 3106
305 1515
2083 358
123 2179
754 1257
926 3387
2671 2122
3092 4857
1607 4565
1207 1817
2422 1738
4232 2038
1842 701
205 1630
2473 1883
1862 3346
2423 4914
2088 4845
3372 3707
4000 2209
4781 4530
1243 313
4851 910
713 4884
2076 4809
4881 2326
4296 1187
1107 40
3134 3599
4344 2301
1932 3280
908 2906
1314 576
146 4672
877 2156
1523 871
4623 616
2798 1630
2311 3069
33 4138
147 2046
2755 4020
1701 4507
4938 4820
785 2703
2495 4572
2171 2752
4462 2256
4061 1140
4937 4893
2427 510
597 4439
3331 402
4119 2616
356 1643
1109 2328
4924 4097
4758 1850
1182 949
4524 2397
736 4698
1831 2343
256 1646
422 121
1031 2590
711 2421
4447 892
4951 1751
3734 3502
2003 4153
4419 2199
3085 28
3295 2972
1912 3554
4625 4800
4980 2023
4349 4331
3626 906
2683 3686
1735 1143
4421 4615
3643 863
4015 2159
3654 3243
1439 2385
2040 3426
3902 3759
1739 2647
3037 2080
4457 1964
2939 333
2898 309
1212 3596
3957 2484
4073 4102
3014 1219
1889 971
360 4350
2052 1579
4607 1164
3301 4897
983 3230
486 4029
2887 3627
4370 2397
3635 3310
567 4874
1358 3064
817 1022
3133 870
2927 1851
1188 1212
2585 4887
1665 4175
3482 2820
4885 395
1248 4162
646 4071
248 4718
3625 3692
2024 199
1058 392
59 3735
2882 4094
4823 1070
3380 2325
4803 873
3141 696
4669 142
1881 4264
4294 1570
32 4107
4170 603
4543 2146
639 1673
4917 1611
4898 3682
1578 2215
4710 2151
2184 3939
4316 170
4519 4202
3270 3456
1380 3480
1117 2191
229 1891
2336 1223
2748 2253
2926 3546
4560 1126
3110 176
78 41
3224 3222
4096 2912
4666 3085
960 4357
1709 4749
1594 3643
751 361
2461 594
3809 613
3013 3907
2494 1187
801 4559
1824 571
1456 3270
2716 2704
1468 1266
3873 2669
4875 2722
439 490
1136 1734
1145 3678
1935 4698
4694 4460
416 1116
2990 4236
3888 3149
2954 1461
4005 1303
1617 2373
452 3188
84 3351
2675 28
1423 3963
1250 3560
2350 1935
2360 3919
1871 1239
3400 748
3282 2103
2170 1048
318 4070
2782 2590
3059 2652
4773 4689
4512 3750
4147 4559
3796 1025
2546 884
3185 4694
1233 455
1389 4809
1334 2461
4054 2238
1776 2634
1306 3423
291 4643
1772 4080
180 830
4532 511
268 4069
3928 2471
16 1213
916 731
380 4139
3906 3230
3157 1970
4594 4305
3916 1761
2706 1310
2135 2689
3828 560
958 1217
552 291
4603 3042
2419 2907
149 3192
1605 2085
4853 2797
4778 1123
3155 1673
3180 1055
4839 857
1609 1854
3148 4557
3045 3543
2463 4615
2008 109
1899 373
2263 190
703 2048
2404 4295
570 527
3078 3547
3535 245
4179 2484
2376 2510
2602 3141
1415 4621
2262 2912
1986 2873
2951 1880
3213 3031
3121 2495
2097 428
1376 727
3054 1857
107 4495
2223 2167
586 3282
1368 4266
324 3593
2387 4377
1530 4227
1323 3200
1982 3181
2982 1402
4032 4686
2217 3925
1938 3852
376 779
1621 4029
806 4032
3559 4456
346 2354
1073 2996
2287 4080
1591 3199
2842 1017
678 2825
2316 4091
4610 2869
4312 3351
1434 524
909 2663
792 1058
1066 3428
3621 75
2743 3560
872 1498
1040 3306
3392 718
1972 3711
1 1471
2022 3926
2370 3201
2608 3642
418 4703
2648 50
2530 4229
2508 4087
2909 3535
2524 489
4870 915
4397 1352
1522 2635
208 4693
4687 4717
436 1142
1045 3682
3514 1663
1661 3296
4027 2705
2731 4458
1087 2865
4886 4797
355 1003
3068 960
2923 1366
3556 4080
3217 3596
4890 1222
4038 2066
896 2030
1565 3119
4511 4756
2178 4447
2241 3532
1666 4259
1940 879
764 32
3293 287
497 644
2625 1396
3358 3070
88 3778
1793 4036
4101 926
3726 178
480 1950
2091 7
790 285
4792 789
4058 3868
2535 930
4974 4242
4143 306
1260 4221
3990 1962
4972 1036
242 4973
2334 570
3437 3081
3126 3891
390 3308
3534 163
3143 4237
34 4718
4467 271
111 3341
856 25
4987 4916
4345 2272
1844 4698
776 2028
1556 322
2061 2338
498 2130
1581 538
1400 4112
1463 2684
3167 2216
2897 920
1204 1465
2095 2986
1244 2574
686 1671
2252 91
1917 1585
4278 538
1829 2703
3823 1593
3860 566
2738 724
4372 936
1286 4312
508 4243
3397 3625
543 2414
969 2533
2017 1430
3098 1929
195 1414
1797 1747
4631 4819
2486 3677
2792 1144
2286 992
2154 1608
1721 2684
2281 1787
1766 4041
2636 4571
4354 2435
4356 2552
4705 3632
1997 4123
3538 2743
2964 4866
2657 3487
3988 4257
1466 333
2460 2328
3683 4227
4172 4140
1020 4175
304 945
4636 1276
2251 23
4859 3337
4679 1319
3125 4428
487 2668
1752 532
4180 1691
4931 2800
834 553
3462 452
3354 2132
3743 3873
2565 2659
274 4018
3802 723
4219 132
2346 1524
2921 3255
4775 366
1566 288
3028 4135
2356 4520
3434 332
3681 2909
2434 2729
3370 1063
1656 3050
4199 2806
1559 746
796 4897
4979 4013
2889 2636
655 4569
2036 2359
3339 3368
2784 875
2234 4601
1712 443
4590 4083
2035 1986
725 1536
2849 4984
1218 379
3175 210
1749 3031
1971 2016
2306 3458
3821 2470
4618 4063
1966 3158
1084 1481
1631 1698
369 1924
4872 3422
4943 2797
501 2376
3385 4660
1892 4610
1156 544
4680 1006
4472 3821
3475 2958
2633 1099
1586 992
3886 2816
4072 2122
756 368
944 1401
264 4791
606 3538
3784 903
475 1559
4981 870
45 1
1689 705
2833 1923
656 366
1137 1165
2858 4003
3386 2464
3564 2841
782 4977
4516 4699
4268 4017
1181 135
4207 1606
213 3413
2916 1384
1061 567
3752 3220
4408 51
645 4579
26 3762
4008 3057
1057 1299
632 1463
3275 2950
3566 3193
2406 4981
2550 4430
1682 1117
406 3928
193 1751
4876 1055
4173 2188
1049 1755
2361 4023
3551 4354
3892 2904
569 964
651 2977
3403 588
2576 4879
582 159
1451 1835
110 3862
2994 4356
2826 4106
4144 3175
4899 1633
1467 85
1729 2224
2924 34
2613 102
2417 2373
3515 3442
3612 3540
3549 481
1100 4677
90 3605
3369 3090
953 2232
1254 915
2617 2592
12 3522
1178 553
4769 3306
4528 1901
662 1815
1564 2669
3789 1300
2183 488
919 1282
3033 403
2369 794
1197 2492
2695 25
1294 2292
2981 1872
1644 4756
2077 3964
1210 1608
2073 3535
4064 3586
1273 1981
2189 3615
2577 663
1843 466
630 2419
2357 1480
2394 94
4737 3541
1375 2865
3521 1471
3645 4611
3807 4638
2723 1576
441 1896
218 170
674 4133
3182 2968
627 950
2190 3476
11 1623
3287 1621
1543 154
609 1943
1050 611
1918 2000
126 390
3967 659
4586 3554
3338 686
39 2936
275 1929
3689 3543
1658 1213
1287 1233
3179 4548
1501 1105
1339 3521
1205 4110
795 674
3348 377
2160 4388
4742 4039
1404 3991
4 2382
712 1756
295 792
1337 1536
1587 3558
1561 1987
4829 2434
3704 3475
4463 4255
3585 4898
4327 4424
4502 4732
3827 4317
233 2376
2844 4286
1442 2473
3927 2330
3260 4008
3764 4922
4688 1943
1071 2710
1720 1657
918 4101
1976 4619
235 1688
2672 2179
2386 3727
4310 1655
4108 2538
3736 4292
1425 1177
934 2147
3837 4101
3839 605
2219 3434
2340 1679
1848 3180
4561 2901
2532 655
2068 4759
4218 3515
3696 2149
3921 1992
3644 4547
3977 4811
3594 2472
137 4577
2728 1147
2384 2080
1429 3443
3757 4706
4798 2776
812 1945
4272 3190
1632 4728
3471 4036
3432 4860
2084 4037
4848 426
1363 4118
2025 3909
179 1396
1599 2437
2540 3359
2220 4131
4563 4517
385 3113
2979 964
3236 2393
667 1795
1274 2948
3756 84
3414 2957
811 2549
236 1159
277 2803
505 1814
2674 4922
1672 2868
128 3097
3302 498
2121 3043
4353 2546
2778 1518
3488 1077
76 3934
996 261
3877 2050
4235 3346
652 2163
1711 1352
1474 4753
65 4768
1113 2732
4810 236
462 4746
522 4615
3725 4759
2478 1840
1651 1338
3622 2969
690 1256
1502 2926
1619 1244
4130 2393
3507 3415
4545 3923
3477 1833
278 2678
3897 3662
3896 4626
3690 2255
2276 978
343 1798
224 1819
4751 830
2409 1251
2302 4369
1245 3975
1171 2099
279 1638
3947 4162
2225 1682
1910 2154
4113 2806
4196 884
899 4899
1680 2404
4907 4479
1994 1067
1946 2854
946 178
3999 556
4566 4879
2583 4700
1541 3068
2192 2657
3920 178
4641 1048
1770 4389
2233 1362
4908 61
2811 3209
4946 3619
4155 2261
1096 395
965 4209
2371 1669
3606 958
4048 2510
2888 1273
618 1716
4161 3207
2482 919
838 3522
1827 2691
4151 702
3685 4523
4515 249
1694 2172
3960 4259
865 3266
2298 3214
2107 1415
1637 2349
2946 378
2790 3880
893 4024
3080 4646
947 2123
2341 4396
4441 3087
3062 1433
3405 1459
3417 3129
484 871
2726 4836
3513 801
1280 1334
2571 404
2177 4289
1399 2140
3496 2088
3101 4034
2363 4085
3737 4707
4240 2928
3183 3037
541 811
2918 4762
1837 3144
4385 1200
4241 1499
1820 2755
3479 42
1163 2753
1462 2314
3365 2571
472 1912
2545 3591
3162 4713
2920 4811
1916 4455
4258 4869
3211 3964
188 4851
3154 3172
4541 588
4525 2287
700 287
3819 4551
4606 4273
1377 694
2420 3092
172 3366
4970 3403
4282 3759
3728 910
1079 4052
2258 4946
478 712
4022 2256
4348 532
862 3051
3249 334
160 3165
2984 2284
4527 4235
3398 3788
4602 1398
2942 2288
3455 4616
310 3835
427 1524
1195 1881
1418 2238
2692 1305
2980 4840
3473 2092
4474 666
1628 606
2333 2844
4662 4529
4958 4635
1051 3431
2581 172
4633 199
2516 2648
2741 2855
3454 3725
2108 652
1534 4776
3135 3068
1227 951
2493 2812
809 3696
4788 754
2489 4465
3321 1772
561 579
549 994
1876 1684
1089 2521
3575 1464
1554 3183
383 3182
2943 927
769 3172
3449 906
2863 572
1309 2269
2483 4757
2895 1091
4555 4211
1804 553
4833 2643
3616 4079
2788 881
3256 2224
2589 309
2600 716
504 632
1411 2246
3587 520
3353 2533
469 2433
465 1290
1546 223
81 662
4665 2297
2201 2136
941 1850
1214 3554
129 2331
4231 1937
3315 1617
742 4744
3152 2218
762 4462
4725 697
22 4496
3719 320
3416 1238
2857 427
825 1826
612 2773
4201 114
3291 2721
924 1602
3320 2806
2150 874
1329 1827
2450 544
1457 322
3029 504
3760 150
626 123
1001 2715
4556 3905
2403 1416
3094 1441
1765 1413
1038 3350
3318 1446
3216 4146
4291 2954
2505 4886
1821 1276
4923 205
3235 1381
3352 1608
2593 4860
2059 213
1653 1619
3824 3221
1292 1544
1748 3618
290 1085
2081 2920
4637 82
4843 1614
4892 2511
3246 2147
66 3282
3421 2397
3018 2030
4490 1397
186 2451
1412 4737
1789 2492
2090 4803
1370 2803
1035 4583
4265 1755
4248 2233
1476 4377
577 2936
4847 2334
4187 971
3810 2966
740 547
3107 4722
3771 2640
1189 3593
3452 1182
2925 3687
3178 4070
3601 3564
3562 3268
2599 479
4867 2917
2622 924
3017 3945
1558 4578
1906 4564
963 1112
4415 2815
708 4985
3451 1513
2067 2147
2751 4625
2372 3739
4168 834
1284 255
1538 2832
38 2078
562 3017
3053 4699
2466 1792
1283 3718
4287 4757
1965 2012
3171 1539
515 3359
4277 4180
4213 4844
952 3234
545 2431
2120 3242
3327 4111
2582 4026
3930 1978
4390 3475
3237 660
2074 3125
4570 3638
1240 3459
257 4345
1237 1066
2278 1866
4308 1205
615 2130
214 4616
1861 4646
2197 2608
4485 4431
2075 4093
3871 274
1718 970
4141 3416
2398 4117
2093 484
2910 1644
4735 4962
1947 3134
1383 4935
276 4394
232 4453
4225 1595
1745 4791
4204 1571
4786 4344
1166 1334
3073 250
2020 695
4475 2021
125 4398
1445 3918
1782 4594
3986 3608
1864 4493
3137 1539
1158 3416
432 484
3732 927
732 1554
171 992
138 1054
4132 1974
3525 1277
1898 82
1092 3984
1385 2843
4942 4024
2558 3955
885 3628
2228 718
1390 2409
595 1516
786 3610
3429 3201
4521 2550
4127 4405
3869 2313
1134 4002
2777 3342
864 869
4509 4395
491 788
2548 1809
3517 3955
3410 4031
3251 4645
2480 3881
3864 4665
3758 4050
1157 1244
1624 2305
4659 1107
4469 415
4314 3301
2831 1847
1324 2593
4491 2875
1823 1087
2807 965
364 3830
3996 4782
2479 1133
1560 229
4142 2542
1510 4959
1939 2445
3973 1619
4684 1578
4323 2926
470 1877
3086 4674
4299 4564
4976 4150
2688 87
3913 4577
145 4651
414 1630
4939 3266
2051 3877
2380 1343
4347 2475
4009 2686
204 1875
635 3816
2169 1755
4488 3626
3938 333
54 3106
4382 1512
1220 511
3968 3559
1838 4523
3361 745
772 2358
148 4176
3989 1422
4276 4311
197 4432
2056 2456
4878 1865
4044 2399
1955 3666
3883 2904
991 1852
4821 4046
280 1012
4011 4732
2125 288
1758 1342
1508 1547
3168 3575
1151 2636
4622 1820
3966 1257
2690 1766
424 3958
2775 1092
2087 1373
4256 1097
4783 3201
2337 1054
2104 926
3729 4599
2176 323
943 3924
3309 4858
1647 3877
1075 4616
3233 1437
2551 3321
2685 1694
1592 4967
1190 2413
239 4895
2501 1704
3439 2077
1015 1092
1344 3458
1535 4197
2145 2136
4288 4467
1707 1026
4497 1593
4891 2284
3174 1710
3048 3385
477 4474
3890 3824
3544 3654
3942 1147
3557 4269
4109 2843
1118 3821
335 2163
4805 590
3879 3755
1270 2477
3843 1851
1228 1764
2952 2054
4894 4224
4727 3261
4504 1752
637 2080
4387 3950
1428 4028
2033 4158
3631 399
3419 479
44 4526
967 1662
1438 4424
4446 2772
3825 1610
2780 965
3330 1653
4968 613
3779 1283
4233 531
778 3829
2318 3920
1555 3970
4250 1482
4508 2363
4483 2569
2814 4376
797 3571
4514 553
1406 1282
4952 4409
4918 1031
156 4777
4325 4669
529 2142
1487 129
4889 1325
4374 1307
411 2380
574 2734
3450 2101
3961 4508
4998 286
3846 2393
405 4927
3799 423
2335 1854
3191 193
3447 1967
1080 1843
3580 2992
2173 976
1800 240
1908 2514
4238 4857
4254 1462
2027 2672
2310 1961
829 1806
3529 3836
954 1488
1537 420
1960 4262
1759 3480
715 965
2102 2776
2677 4862
3745 3977
4271 4138
4478 417
3091 806
3845 3043
3058 4404
2153 1749
3720 1426
1484 1237
207 2769
2098 4423
2779 4856
2768 2923
1206 3653
167 665
3360 4486
1674 3667
2949 2887
683 2491
1830 201
2537 3999
1845 3538
922 1511
4074 511
3299 4926
3030 3635
4882 20
4620 4643
2922 4783
3444 4095
1041 476
234 3844
4214 3043
4084 3344
4546 3609
833 3414
1856 656
741 372
302 135
721 303
1834 781
2658 3085
2139 4584
2391 2038
3108 1370
2724 2667
1485 1337
446 285
4842 4713
3603 1085
429 895
4226 1430
1622 4282
4947 2477
1052 2651
209 884
3903 3653
2717 4856
4021 4074
3115 2007
3772 2194
929 488
3831 497
2267 3643
1629 1819
2502 3468
999 1953
3023 102
1175 4961
1705 3741
1868 4387
3099 527
4795 1098
1785 4230
3408 844
4120 317
3375 4905
628 3146
2026 4021
2603 2929
2327 4548
241 1142
3046 592
3390 1282
1394 1689
3326 902
192 2350
1900 4079
3998 1894
2601 1039
4043 4238
1424 4886
3499 4608
1372 180
1944 1478
2934 4483
1859 4434
3694 898
4333 1324
3 2609
3867 1803
434 2186
3951 3776
1235 3523
198 502
824 349
4060 1994
3981 657
4426 2943
1199 1782
691 1809
4090 4787
4114 787
4125 4962
1074 4692
2611 4707
3674 4290
122 2625
3705 4096
1135 700
105 2585
336 1624
1645 1742
4304 4222
1825 1617
1440 1242
4416 4991
2430 2237
3084 4087
315 87
4249 3350
3036 2145
2053 4602
3317 4938
96 3981
4059 1152
3140 4139
4719 4539
3177 2498
3001 4462
4864 1508
4320 2758
2900 1769
1316 2980
4182 3191
1356 4445
3032 1402
3895 4828
4785 4093
2389 3809
1330 4040
3446 4201
2447 280
535 3148
4752 3310
763 2864
4772 1255
3312 2563
2555 751
177 712
1249 658
431 4567
47 4074
2195 1287
4818 4922
2115 4681
1810 1175
1975 48
673 3538
2661 4128
737 2257
530 1090
4932 2234
2204 4029
212 1832
3602 2136
1034 4823
4444 1743
1715 4313
3079 4731
819 1852
1365 25
1405 4630
1727 4867
3833 1592
3382 261
1915 3576
3753 3215
103 1727
3633 1307
2664 116
1635 1189
4774 4622
4053 3789
1507 894
4825 3360
1818 48
878 2144
2400 4229
1174 4703
4678 2114
4642 4382
1642 3234
523 692
3709 3755
4912 1254
2353 1629
3202 1034
1873 1801
4764 4583
2623 2891
8 3405
2111 1754
3147 2867
1161 3960
3936 219
3164 3621
2872 4943
4251 4119
189 2959
3669 2999
4868 1942
2955 3114
2983 1225
1028 424
3490 497
119 2411
1169 143
2526 2028
328 1576
4954 755
3691 2526
774 2818
2442 597
600 897
1753 637
3328 1235
4487 3539
1234 1024
4422 4554
2714 1973
363 84
412 51
2355 1259
4715 653
10 4099
1179 1097
3746 4807
2861 1695
1492 3982
4332 4027
1925 1584
4343 3458
1141 3488
3362 5
2439 3691
4988 2850
2851 3484
4964 1658
1470 1535
2997 4741
647 908
4234 4918
2880 4766
2737 4449
2744 2283
1490 922
4880 3877
4411 1236
4948 2909
573 2998
71 9
4065 4431
3112 3087
4181 3455
1779 3971
1519 1715
1905 1368
3901 4686
2407 3076
3676 4308
3672 2919
2747 3620
3377 1820
2200 181
1533 2125
814 2823
1386 1847
1525 4992
3325 4699
1046 959
2002 1383
3724 2398
4824 3338
2742 261
4888 4760
77 2074
1452 3089
913 2940
4191 1178
1359 2980
4088 1061
3227 1073
1963 50
4575 2988
890 2195
4587 160
3929 2321
3800 4662
4285 4511
3409 2760
3508 3158
117 1107
2009 2780
1180 3633
526 3606
2871 4529
4822 1357
2827 4002
799 480
2352 4442
485 4903
1410 1549
917 3211
27 1309
989 902
3565 144
2630 2931
2740 1678
4683 3553
222 2949
1335 4417
1044 4555
537 2918
1264 643
341 4091
4156 2042
621 2753
73 3811
4612 3290
3505 2748
3912 2401
4668 3755
2785 4363
3187 4479
3433 3336
4921 4216
3526 833
3007 1339
4676 380
1351 1039
2701 481
4361 1001
3019 437
2116 2805
866 4677
3684 1146
1583 2003
2309 4984
851 4508
625 470
92 2382
1115 1928
3063 806
1514 4885
1183 675
493 2474
2323 116
2109 4544
3448 2504
13 4314
1419 2734
1483 4454
2698 4654
4166 146
2687 1415
907 4431
707 3502
467 2925
2660 320
3303 3279
2034 732
3946 1928
4902 4058
1903 2726
642 844
2886 2961
2280 1095
3244 2137
1059 734
4451 688
1696 4659
151 2314
4270 393
2379 4376
2317 1385
2274 217
3467 1255
933 4599
3935 4741
1878 13
684 933
3153 3525
1542 4680
2307 3943
440 3132
2275 2081
1726 480
3231 1476
2468 84
2557 2119
1042 2460
1641 4246
1473 3089
2620 3519
1311 2761
53 4708
584 4432
1998 1613
3791 486
669 1725
3914 2382
928 883
4552 2089
1313 2379
1184 3823
2291 4371
4281 3677
3198 287
3773 592
4655 152
568 4752
4513 4247
2696 3667
4492 4315
1495 3449
124 194
4801 1815
4057 4769
2835 3045
728 2950
3861 449
4540 1668
2763 1087
1447 0
506 4098
3289 4395
2656 1733
2148 4912
3572 733
2852 4739
4574 3200
4136 2013
2707 1556
2037 4762
2362 4519
3597 2479
2368 3879
4464 894
2575 782
80 3153
760 229
1697 2744
3731 4968
1130 2431
2774 478
141 4460
354 242
3453 4450
1252 3048
836 2944
1493 3874
4873 2144
4321 2330
2718 4514
18 1488
1155 1226
1615 2804
2193 1397
2595 2234
2749 4586
4726 4021
3792 3703
191 4800
3334 1819
2133 3519
187 745
36 2896
3464 648
3103 2413
4328 2931
4770 1115
3027 251
4190 2455
3660 1152
4871 1300
1949 3618
4522 2954
3314 956
3460 524
4733 47
3623 2872
2627 1428
525 205
3647 992
4503 4968
253 1081
1706 2485
2953 4533
3035 1083
155 669
1037 739
3494 3692
3804 644
2347 4772
837 1043
296 1560
4632 1642
1408 411
4193 1375
52 1187
4400 1139
2057 4802
3511 1255
1517 68
4697 1255
430 789
1858 2296
668 3282
3701 676
2556 490
238 2663
244 2112
1812 556
1983 3903
3712 2974
1477 839
3668 4068
106 2243
174 3169
3463 2453
2168 1967
534 2174
1984 3751
2324 1288
608 1781
749 2058
1913 3757
2564 828
202 735
4244 192
4006 4989
3435 4684
2198 2644
3493 3978
1618 1438
2082 2015
4055 1622
3441 1445
2240 3235
853 352
3569 2770
3250 563
938 1579
4806 2010
4664 3138
60 4473
169 130
3900 4472
4670 3025
1730 1600
4950 997
1149 2654
2001 1726
4647 2549
1111 699
4740 702
1724 3468
2312 4897
1952 443
757 1897
3393 4119
4198 2173
602 1724
4734 3624
1722 3767
1131 337
2822 964
2247 2020
1921 585
1780 1330
4696 4258
1124 2733
4067 2294
86 320
3406 1106
2786 1870
