5000 4999
39 1436
3709 39
120 39
873 3709
2156 3709
2905 2156
1358 3709
911 873
4530 120
1428 911
456 39
2070 1436
1742 2156
4764 873
4413 4764
1203 1358
2231 456
3641 120
2421 39
3441 3641
4314 120
110 3709
4048 4314
3425 3641
3189 39
2043 3425
712 4764
1924 1203
2481 1358
465 3641
2198 110
1272 2905
2233 4314
4975 1742
1537 456
3228 110
2881 2156
1481 4413
40 2881
1514 3441
3786 1481
1139 1742
200 456
2037 3786
4073 2037
1606 3786
3554 1742
2926 873
1103 873
1354 4314
1305 1481
960 4530
2995 2156
4275 2037
3853 2043
1207 2481
177 1139
1270 1481
1261 1203
3352 1305
4097 2231
2472 39
2692 1139
4307 2037
3697 120
1217 2421
2859 873
4315 2905
4004 911
44 4097
3304 2421
3035 177
494 4275
3254 4307
2456 40
3384 3697
3923 1514
1611 960
3296 3425
10 3786
3346 4314
3947 3709
2023 2995
2967 1139
1229 911
3934 3947
1698 712
605 39
2452 873
4567 3697
1446 960
63 3425
1284 605
116 4275
1376 1207
2286 1428
2238 1428
3275 110
1009 3304
1398 1376
2015 456
4917 1514
2758 2233
2162 3853
4099 3189
4736 1261
3941 4097
188 1924
1851 4764
1235 2037
2057 2967
2125 3697
477 1611
4854 2238
828 465
4376 4530
4752 2156
941 1537
2511 873
101 4073
761 10
4350 1217
2189 456
3948 3641
2194 3296
4249 4376
1507 4917
780 3352
772 1606
1533 1742
2541 1698
4723 3697
3110 101
3399 3947
4833 1217
1982 3346
4829 2905
1751 1507
1696 2995
4959 110
2289 200
4044 4350
620 116
471 2043
1459 1537
2146 1507
1695 1742
1915 1358
1534 2162
1551 2015
729 1207
2258 1514
3036 4307
4333 780
1819 1428
4645 3934
3091 456
2351 780
2899 2481
454 1207
3821 4307
3819 2286
4755 3296
4240 1235
4814 4917
2052 4567
2795 1261
3372 4073
334 4736
2586 2037
731 1436
3928 1376
2543 2586
2350 101
1045 3425
455 3189
2132 2481
226 941
2927 4736
2972 1537
1906 101
1021 873
4904 3352
3647 4833
2630 1698
649 101
3960 2043
2196 1009
3529 2231
1955 2258
3312 3296
724 4814
3040 3923
426 1698
4620 1354
1120 4350
1014 1203
2724 4073
2234 2472
2684 1955
2554 1696
3096 1270
4055 2899
158 620
4362 120
61 1203
1306 3786
1879 3096
2562 1203
4472 2233
397 3441
1737 3554
3449 2421
1602 772
3225 4333
4269 3786
2723 3934
469 3225
2844 1428
937 2758
542 3228
205 1045
2855 469
1527 4413
1974 4315
1032 3228
3014 3225
2614 2194
3201 1974
3645 1261
2247 4099
4248 4833
2319 605
2058 2554
2774 1611
4514 2562
1957 2758
717 334
2969 2758
4290 2456
423 3225
1088 3641
416 4854
3862 188
4703 1742
3278 1481
3081 3709
571 3862
1772 3934
1319 4736
1746 2057
1767 571
4608 3554
2887 1207
2911 1459
1125 2844
2335 1045
2228 960
682 205
4412 3384
1365 4755
4867 3312
2836 712
3314 1514
4779 3697
668 177
2041 1398
956 120
2479 4472
4209 2481
2018 3228
1198 2541
4754 2511
2593 2795
442 4048
355 3352
3957 3278
3177 4376
2082 2162
2968 1819
1265 620
1366 2926
4977 3934
899 3346
1222 494
4855 2881
3151 1021
3913 2927
3654 2562
902 426
448 1772
2520 3312
4765 3352
1317 1955
3729 188
3404 1207
171 116
1215 2350
2134 2887
4502 4829
529 1354
411 2967
1497 937
4167 39
4316 4752
1200 4248
2301 605
1280 2018
1523 171
4563 4290
639 4240
4052 2301
1393 731
1503 334
4661 4412
4285 902
1617 158
3147 956
3262 2758
2153 4097
2311 226
919 448
2570 3312
4031 3372
1108 1906
2200 3352
1864 1103
2558 3957
87 2238
4417 3254
4389 2593
1118 3821
4438 1217
4479 2082
1389 2041
3004 355
4399 3004
1349 2541
238 177
2282 2351
3398 2723
4692 1851
4882 4814
759 2968
3170 4514
1595 4755
2316 2070
2559 454
2979 712
4081 1306
1560 2774
1646 2286
18 899
2444 1906
2165 1235
169 2559
249 649
3252 2238
877 3960
2913 226
4380 4413
1167 1032
3732 1103
4337 1284
4819 2472
1853 3225
2163 411
581 1398
410 2319
3402 4764
3784 1742
1038 2052
2299 4081
2843 1459
3409 4412
2379 2570
1381 1358
2395 4530
4299 4779
3358 4248
3400 2541
133 2684
1355 4376
468 759
1015 1606
1049 63
2638 1772
3515 1746
4600 4081
538 873
1332 454
2161 731
2983 2456
2730 4867
1114 2196
73 2200
694 101
564 731
3246 73
4727 3409
446 2972
556 2163
464 39
4257 1523
2032 1306
512 2911
276 828
672 3254
3267 4376
8 717
418 3314
782 960
106 2037
191 1389
4807 2586
4144 1746
3131 448
2691 3819
3285 1120
1431 1503
945 4917
856 4855
66 4854
4796 2198
135 2969
1300 2730
3680 3941
2139 2299
4027 2139
263 2456
4652 4413
141 4917
3374 1015
876 4645
3020 1358
1273 3252
1397 2379
273 2041
4212 1305
199 3147
3274 2015
2205 4754
4321 1527
2414 2562
4300 682
3194 3278
4710 1139
1721 1431
3468 3194
1492 4362
1302 2335
3276 2723
3375 1319
586 4269
1677 2247
3463 2163
4883 2205
1716 2238
718 856
2528 4645
1649 397
4513 334
4477 1273
1844 4514
582 1272
431 1737
3316 3020
2254 4608
4887 2859
4721 1695
3951 4438
818 772
744 2125
4046 468
4915 1957
1467 3275
3325 1300
1591 3276
2224 431
4971 3081
1074 471
1130 1551
2281 3285
3921 2758
2526 586
994 828
2333 2289
2167 1139
1058 3312
518 3131
890 772
1036 73
2994 2983
3377 1217
924 2899
4625 1924
822 2156
400 3948
3640 1772
4456 2132
2901 4337
3365 4055
4347 2926
1949 2254
2406 2724
4964 2543
909 2901
428 1646
295 1305
2360 2901
2579 2395
4486 4380
2485 822
1542 3784
3538 620
1485 1045
3381 4472
3259 3654
559 3729
2303 2258
3720 3177
2462 1270
3142 2905
868 2520
2761 40
664 4855
4488 101
1184 4727
4574 3346
329 2520
1455 400
4308 4413
4009 3862
4180 4285
3716 1009
114 2200
3519 542
3192 4779
1922 1534
1086 1481
2886 110
2098 2163
1452 2421
4745 3404
294 4315
2941 1542
4810 1497
1457 2406
1491 1049
3360 2163
189 3254
27 4337
4769 1203
1878 2333
1614 1088
4033 3948
4148 3274
4160 1879
4403 141
1126 2198
3977 2333
2257 4855
3405 4438
1447 2579
4851 3977
579 729
2749 2926
348 1355
3794 2855
275 2479
983 1130
3598 442
3579 2886
1388 3151
1992 3947
3942 1009
264 4882
1888 3947
2769 2311
4878 3468
4717 448
1870 3941
4233 1467
825 4380
3949 1523
846 759
2454 1534
2263 2730
4948 4752
4419 2258
1239 2887
3129 1207
1683 4290
1473 2228
1248 3296
2757 3004
2963 2905
3385 3923
4276 1481
4359 2058
4653 3732
4188 1879
229 1125
3311 1606
2063 1045
2895 1235
4208 3645
3632 4027
1996 4878
2106 4502
1633 3375
3183 2247
121 2462
136 3194
1255 1746
2260 120
1846 4316
394 4412
560 994
777 1846
2056 471
1418 2316
609 909
3642 1302
3972 2901
4931 4721
2889 4290
1345 4412
2235 4931
2386 2414
2755 295
2773 2913
3531 1864
2776 2395
4621 4479
1881 3941
2728 2755
3798 1853
4966 1459
4352 2032
1039 2843
613 4855
4535 4645
4835 1207
1116 426
2753 2333
2466 1398
1824 2520
3634 3110
2760 4477
4471 1698
4423 1130
892 1200
1985 264
1023 2462
1946 1611
1776 416
2499 1696
1709 3036
824 1844
2624 1038
522 1677
2214 1198
1505 4180
1052 2466
3009 4807
2735 1203
2229 3977
4712 538
3935 2018
3690 2289
3607 1497
235 3189
1392 1045
4782 4290
3208 2630
109 2032
1361 1021
4682 3641
51 465
531 191
3887 1021
3763 1120
1336 1103
4348 1846
2427 3720
4838 4807
2825 3947
4042 2247
326 4608
3258 4389
3851 1392
898 355
2412 2134
364 2881
3583 3096
3783 1485
3432 3529
665 3296
4398 1058
2534 2614
25 1742
661 2263
3922 1203
1701 2691
62 4099
593 456
2223 2969
3761 4413
2004 1354
89 3040
4391 3360
2227 2454
883 1721
3448 3192
4063 2254
3747 542
2687 2282
3871 4299
1986 3871
3693 1614
3565 471
537 3194
4989 468
3465 4352
4564 892
610 4752
2101 4419
3444 249
736 4208
2342 3947
3207 4887
4140 3941
4970 3405
4841 1881
227 3871
2706 1452
2109 1709
1162 1906
3029 3761
1804 4966
2323 1255
4722 4362
1704 2825
4176 4337
122 883
4487 4835
1211 1397
3001 4970
1057 3385
2011 2205
3066 3259
2765 2229
4914 2254
3299 4721
4804 2282
1511 1701
1641 133
14 1591
3138 777
3063 122
4025 106
1652 898
3630 2927
588 3425
3479 4608
4895 4188
3420 1804
1868 4208
3788 3081
3363 3784
3596 418
1403 1870
866 2728
2176 2967
3060 4487
1384 2963
726 471
2022 1222
261 249
9 1418
4375 1677
2517 2479
2459 40
361 1527
1526 2228
2068 2911
1624 3680
1849 3821
3526 1649
4268 1200
829 4337
3506 876
4484 1772
1621 4567
4425 1652
2841 2109
1905 3761
4078 945
1262 2260
4547 2227
3114 4904
4726 868
2121 1870
3253 1526
3687 4819
2099 2760
862 275
4610 44
1889 1317
2237 3036
2552 4620
3249 3346
2741 2156
1734 2899
915 4782
1607 326
4803 3151
2563 2099
1741 1116
533 2247
641 890
1856 2773
4795 4176
3043 4456
4768 1523
3823 114
112 2462
1763 1381
3061 4248
2551 1652
344 1200
843 4682
3805 759
4956 866
4110 579
3328 2101
4515 4472
148 2859
307 2167
4113 39
3985 4535
4593 2511
827 1376
1027 1514
896 1992
3291 2319
2080 4479
3544 1376
168 1086
2613 2015
2179 2773
709 25
4557 114
83 4593
3053 1505
2492 2836
3841 2011
2326 1009
2136 1606
4845 3189
3727 2043
4561 3565
1012 14
3437 3607
1268 4726
4944 3942
4525 3645
2483 2969
97 1270
2001 2319
77 2323
3322 1595
3125 1819
4677 4841
1251 1849
2477 3444
1565 4765
407 3506
3827 726
3337 609
4771 227
239 529
3612 777
535 3630
2621 3690
891 4417
4422 1211
436 3314
3524 2233
3233 2011
3072 4350
234 2200
4688 3634
3688 4333
1325 4835
1528 3763
2768 1103
3976 238
3160 4530
547 3114
3773 121
3624 3972
2830 2041
1877 448
1294 189
3863 4097
2042 2967
4084 2326
2729 4610
3588 1624
4255 110
3084 4807
681 3060
2423 724
4555 3384
4902 4854
80 1139
574 4376
42 3299
1363 1606
4940 609
3517 2472
1524 4380
1727 824
3811 3941
3190 4380
4633 2913
844 3405
3017 4352
3587 2386
3742 1974
4115 709
388 2125
4086 1027
1749 2421
4043 3463
783 1038
3582 2427
4141 1235
3169 4561
4453 3913
1598 605
2190 1727
513 4086
3055 4052
946 3363
1520 1949
4463 329
869 14
3229 1996
1664 610
1016 1737
1705 4727
2402 4412
49 171
2160 2452
674 454
3909 4525
4542 1709
4815 3463
2606 3066
2693 994
3070 4486
4186 18
619 4710
715 2281
2271 2773
2482 2563
4825 1103
504 4915
2834 1955
3702 1737
3410 3862
2789 4086
2671 3788
2802 3229
4001 3276
4827 227
3677 4782
4518 1393
449 4825
928 275
1084 1523
2473 2068
4109 4535
3956 3632
4301 3783
4837 2841
3485 2406
4077 718
4187 416
2666 1120
1578 605
1196 3928
2987 4148
2100 1677
79 1853
202 9
3343 3976
2904 4902
2695 4518
349 448
3338 3337
1386 3947
4684 4115
2507 682
129 2080
461 4376
1379 1084
1054 2691
2747 1868
904 4948
4483 3538
751 4703
997 2229
2954 477
4129 744
4786 3788
1752 361
1790 2757
955 1262
4581 4063
4142 3942
3260 2106
570 2887
409 4593
4836 1457
654 2554
3831 4042
2837 4712
2469 121
562 276
1193 3773
2854 2214
439 2630
1128 4902
1069 3343
618 4487
4330 3732
601 4867
2984 1881
1750 997
1401 898
219 4048
1137 2758
4244 2459
2195 3479
4554 3337
4214 79
3859 3225
3023 4977
1814 2379
2180 411
3880 3063
173 1086
3914 915
3440 2968
3684 409
1441 3798
2838 1363
3997 609
2856 4940
1368 3688
3999 2593
3394 3267
4874 3942
2274 586
1323 1239
4174 4167
2537 1879
658 1126
2529 3114
2654 2593
631 3485
2815 1772
3021 2238
4706 238
607 3798
4134 4574
444 586
1377 1302
2653 2795
2131 724
3471 4745
3443 27
606 3398
2546 4717
4364 4904
3731 1049
2107 4375
2019 1864
1823 446
4227 1878
4116 110
647 173
1758 1354
2685 3023
2370 1184
2649 3343
4908 114
4658 2370
4131 2614
3286 1906
936 2776
4351 4682
3133 2968
4778 4337
1356 1542
490 4099
2921 4970
3159 2459
742 202
2603 276
4228 191
4074 471
3639 3449
1592 444
2780 4795
503 4717
4738 866
1362 1294
4183 4684
1836 3399
4708 2052
2219 4514
978 2162
1961 1906
3453 2056
201 2691
1618 668
3239 235
4372 168
2930 618
2391 2479
2957 3645
2419 1368
762 4419
2148 1614
3290 2195
1616 1524
2721 2258
1372 2621
4962 2335
4636 4841
1710 133
2833 3363
1420 533
2495 890
3037 2099
244 1368
2144 133
3537 658
735 1851
4938 3311
3174 694
4933 3246
3434 8
2115 4248
4120 3194
4355 4176
3324 3229
2505 735
3033 2481
3390 4940
2199 1365
2651 724
1634 4180
3678 4376
1894 3159
2510 2833
3220 3338
2347 715
1192 4752
2168 1270
2166 866
4942 407
2787 1196
2523 3207
3872 4290
2997 2741
2081 2427
3289 4227
3308 1664
4143 2196
3221 3747
4528 361
4202 428
1081 1946
2192 1184
1286 4814
3057 2774
3961 4942
3937 249
857 2198
4870 4518
2734 4795
2496 892
3661 641
2288 1598
1645 2323
4339 3687
4045 4948
460 2219
2709 4453
852 3887
4875 3798
3144 2968
71 3647
4842 3037
4221 3352
4617 4315
1201 518
1371 1403
841 3634
354 2052
3915 1420
3121 2254
1731 490
2648 4845
1584 1284
1018 1280
1785 4268
4291 1836
2119 1695
1357 513
2480 4782
4493 4248
3251 1614
1561 1300
1787 2543
4436 3276
4489 3544
457 4959
3068 3935
3315 2651
4439 1742
2786 1695
3197 1734
1970 4561
839 783
1150 442
4526 2219
4780 1814
3152 761
2896 4721
3721 3432
3240 3036
2618 3072
1106 457
1327 1366
3881 538
125 2472
4969 2160
3210 1641
906 1606
3734 2614
3415 2825
1813 2326
3595 4048
2676 1441
4628 3859
2506 2469
4534 219
1040 1492
954 2192
4805 456
3227 3999
4481 4351
3564 2833
1884 3529
1875 4815
1328 606
3898 715
594 3881
4426 3961
4550 294
4114 2855
1935 618
65 1824
3800 3851
3825 1356
3848 2115
4967 3081
2550 2454
181 2896
3663 2234
4002 410
4675 3381
2442 3596
1685 906
2385 593
4096 1737
2677 1992
1715 829
1044 4882
4229 1915
3855 4031
1778 4081
3625 2495
3528 4610
1525 777
2718 574
1307 2485
656 4967
545 3647
1295 4307
1378 2926
1131 3923
32 110
3108 3693
328 2721
4953 2534
1443 4144
1544 839
3844 902
4492 2987
3916 4285
1570 3110
617 2528
698 844
2325 3189
4156 4653
3959 3233
4231 827
2486 4652
707 3444
3700 4403
812 846
1380 818
1417 2621
140 2139
3791 4837
15 3254
4749 542
3478 2041
2667 205
1000 824
312 3598
483 3108
2440 2271
3815 4174
3196 2485
1796 1284
2569 3642
2717 4229
3336 83
2771 1844
4283 200
1383 2247
2261 4855
4541 1507
2278 2189
2647 504
3264 62
1956 1325
2383 2735
332 3997
1050 4515
2689 1813
160 1114
2657 3381
3006 3654
1423 219
1543 3565
3429 3684
543 3554
3175 4359
4817 2057
1099 3131
1430 1362
3912 2180
3130 3068
1170 1108
4306 4042
4164 3060
849 946
4374 3956
3771 3859
3894 2838
3117 1905
4236 3160
4816 1878
1003 4964
1825 1377
633 1705
3326 1606
4165 3841
4594 4914
351 1633
1962 2709
2341 3700
4943 761
3303 3360
3123 4841
1171 4306
3101 3848
2407 2895
4822 3934
3904 2479
3162 3429
651 564
2384 2383
4591 4477
740 2483
4843 2551
4036 2205
1798 3131
4799 4463
3074 2570
861 227
1352 3937
2725 477
50 3654
4410 2517
1296 4722
271 2148
11 2927
3184 71
1303 3337
2846 892
4936 960
3719 601
38 1286
3 877
3389 822
1631 1957
3317 513
2437 173
1287 4810
4865 1459
2297 4786
4242 1184
2632 3190
2050 1368
4728 4833
2627 181
2936 3684
105 2815
2713 751
4207 3800
4080 261
2425 3001
3203 4878
2640 928
747 649
920 3415
3243 4943
4179 4453
2276 2586
1783 3680
3039 4765
4204 3709
4158 4771
2177 2647
1748 4728
3778 827
4467 4285
2218 978
2557 868
3507 1366
872 4481
3202 4845
1166 4355
4353 1126
908 1497
791 3274
2617 307
4499 3251
704 456
2847 2444
352 4851
3525 469
536 2247
2470 4456
516 461
2077 759
421 1038
1210 4810
1519 1616
2951 3289
3438 556
821 249
2025 3853
386 2115
502 2311
4421 3949
179 3220
2252 2274
2248 3194
406 2166
3892 3947
4253 4048
683 3254
2964 536
878 2979
3498 140
4910 3253
2300 4096
596 2229
1421 442
240 409
2243 83
1979 664
363 3385
1480 4353
98 1519
1183 3923
2712 503
1838 3203
3167 1235
4937 2153
1910 3389
1964 1986
2600 4275
510 2654
2448 4413
4699 631
4021 4530
1409 2844
4549 3471
3504 4179
3007 3125
2702 3389
1017 3815
3857 3595
3332 3688
2829 724
1472 2692
3294 606
3473 1069
2331 3734
4325 2425
2788 2289
1062 849
947 3727
1353 960
3966 3583
1089 3190
3223 1363
1416 824
317 3498
1950 2773
1007 4045
4718 2167
4155 4882
921 724
1187 2786
1299 747
3664 2136
3572 334
2135 2444
1232 2927
2084 2234
900 4002
730 4764
3226 4745
693 158
2588 4269
1075 2192
1821 2391
1897 4931
1243 2214
4543 682
4559 4214
3903 3194
2743 4043
2432 1727
4095 4549
2188 1446
1604 4316
643 332
4662 2987
2117 4933
2092 4453
2292 1125
4311 2802
1669 2107
4920 2258
4318 2263
1672 2163
3806 4134
3994 2843
4592 1652
722 2834
2467 1611
3574 3625
315 4816
2072 2825
2344 3035
1396 2666
971 4936
4138 4209
1977 2837
4217 3564
2508 2106
938 3377
4516 3529
1387 4827
3016 3463
1435 1377
3694 2056
1890 2911
4696 3190
1805 571
1978 44
4474 3394
4988 3006
967 2233
4018 3252
4468 1519
1755 2189
1107 906
1708 2951
823 1417
1781 1813
2839 351
4644 4645
1337 2176
338 3324
2996 1978
3490 1380
813 426
2922 4780
2033 3394
356 1804
3126 2927
4460 3624
2525 3394
4669 919
3008 1201
247 4248
2779 709
289 1785
3906 2780
274 4902
2521 3162
3141 1922
2104 1184
3933 2505
2907 3949
2948 1790
4303 2188
539 2735
2766 1856
2415 4453
2622 4488
3366 3126
4125 1286
1242 2132
2531 1755
4521 782
3897 1922
3568 4845
2133 2004
1739 744
832 3125
3012 3315
1644 3264
1121 4521
3884 3897
1501 2630
340 647
3213 3916
585 3012
2849 2427
575 4882
905 3572
834 2676
2398 4752
4743 3434
17 3023
2024 1235
2416 2815
2279 4969
4613 4207
4252 1371
1610 3160
1142 1924
1179 2936
1794 1721
893 4845
3767 1598
1625 1514
2982 4554
4683 2787
269 4874
2429 588
4237 843
102 4723
541 3848
3354 3007
183 2188
1989 1376
2572 409
1144 2653
3300 89
796 4956
152 2480
1918 1089
3344 2622
3378 2550
1182 4423
2114 4938
3368 4417
1854 1485
515 4786
540 355
1486 2996
1406 294
4663 4699
2777 3642
4719 1441
1903 4895
2172 1015
3599 4160
278 2025
758 876
972 122
415 4727
1686 3039
1079 620
4152 4842
1582 3465
4846 4472
980 4708
2065 1492
4170 2134
26 1368
995 3568
473 1356
794 2735
1450 2622
4629 1501
4149 121
3839 3463
1422 4555
2016 3374
1984 261
2411 3243
779 3169
2155 179
4008 2134
4145 1416
360 3276
2763 4726
2232 1534
801 902
3334 2311
2934 1644
3543 1989
3171 3125
3679 2941
4794 2407
3115 4752
1314 17
2460 3197
4709 4078
2794 2233
2035 588
3952 1525
1177 3449
2197 3358
43 4967
525 3871
1146 4962
548 4717
4552 1894
3085 4851
1350 3922
1688 3976
303 4662
2174 1664
1515 1243
1792 2070
2924 1570
568 1503
4893 4738
600 1542
932 3957
3790 4113
1348 312
2542 3693
131 1610
2547 715
1462 3747
638 238
2680 2197
4323 4316
3889 2649
3345 1306
3580 3289
3301 2440
2880 4337
1516 4807
3750 3961
2461 121
4588 4754
3047 3006
3886 1430
557 1441
2566 4904
1840 2480
3741 4854
2810 3400
2005 3863
4100 683
4590 4422
4946 4426
4812 3060
4701 2238
3393 2880
1194 575
3657 4499
1024 4841
907 4786
3206 249
290 3343
3451 4398
1460 4938
2661 1961
2124 4474
3879 4883
402 3727
859 4799
3428 4543
4611 1397
4761 1491
3231 4116
1080 2342
1127 1473
1816 4398
314 3568
4035 1015
4923 473
1806 2546
3962 4143
2746 1255
176 1982
3669 1598
2428 3227
802 448
1834 2907
2159 4701
2328 3961
217 240
3581 3171
4245 1319
663 4036
3492 1356
377 594
4369 4321
4246 2219
13 2132
2681 4097
3557 538
897 3202
3116 2347
842 3921
2884 3160
1939 1179
3155 3322
4394 906
778 102
771 2263
2371 824
2239 2542
4340 722
526 1211
2309 3312
2433 1106
2619 2844
604 1054
2715 2528
2308 2421
805 1977
3696 2107
1510 4036
2863 1007
1470 3669
2639 1834
3067 4484
628 2395
1556 1139
2302 2730
3512 4025
3701 3301
1292 454
583 1705
4254 3794
1581 4967
2113 3126
608 762
3659 3337
108 2982
1228 3429
1288 778
1102 4875
3682 4290
3606 2486
2354 1641
3261 2148
2726 1288
2744 3343
1971 2837
1789 1378
242 1125
4238 4833
723 4829
4808 2987
3550 2254
4668 1878
2673 4202
435 340
2548 3057
3466 3336
2010 4472
966 1198
4772 2508
1771 4633
1626 10
1852 4167
1326 1528
4270 610
2752 1781
2410 4810
3255 681
867 3806
300 3721
3307 2563
4531 1018
2635 516
505 3923
248 1884
221 3169
3584 1497
646 4717
1975 261
1464 2190
2285 1510
711 461
2264 2198
2738 1007
236 3126
2970 2963
1860 1242
380 3254
1226 1396
2503 751
161 1015
652 4307
4313 1534
1092 4804
4713 4988
3919 1114
2564 1379
1078 179
4277 3678
4382 2639
1777 824
2298 1641
3801 460
60 3334
4757 4417
2668 1392
3079 3346
1477 173
297 2657
451 2967
277 694
2985 3687
4392 1814
4094 600
408 3525
2147 920
288 608
3749 2080
1176 3334
1005 4668
2253 2419
3087 1049
2393 4063
3984 2638
4834 4688
544 238
3350 2486
4863 1525
1488 4231
4267 1537
1921 2298
4689 618
144 79
2867 4870
2353 1677
3635 3147
3610 1005
1718 1716
532 307
2049 562
4005 477
2387 4099
4540 125
4444 1696
728 2077
679 1978
648 2032
2937 3220
4057 3261
3833 3337
1274 2166
4368 2967
3822 4268
1180 4419
2422 2972
1134 1625
1022 2648
4918 908
3814 4749
775 3345
2736 4550
3340 3404
4205 1751
4903 183
4411 4422
3689 4472
3026 512
4538 1381
4577 628
493 2234
489 4786
2917 1763
2305 263
2878 2192
3145 3084
1244 3007
147 3147
2950 2442
3748 4176
4945 338
2096 3020
3164 2070
2388 4662
2762 2517
3717 827
1720 2726
4732 2253
2392 1179
2357 2460
4947 2963
4963 2148
3577 2234
3781 3962
673 2913
4189 4323
2061 641
1279 1789
3545 1846
884 1652
4584 4115
463 2190
4527 61
1735 1470
2629 3360
4821 2419
48 2996
2806 682
1766 3689
2931 2360
2191 4348
107 2146
930 1505
3140 1685
2696 3381
976 1860
4133 3184
3269 3192
2595 238
923 2554
4022 3791
3586 386
1580 4009
1690 3375
3938 4362
2493 2050
2408 2836
800 60
1719 131
4929 4004
2345 3213
4783 3641
1034 1262
1843 1192
1670 557
3111 1755
100 4613
621 1727
3536 3528
4818 1755
1782 2172
798 1897
3474 274
3187 239
4404 1690
3559 2205
2770 444
2888 581
2045 248
1927 2227
3445 248
215 125
2051 532
2366 3067
3660 2763
2090 2192
3643 1755
3722 2649
4147 2398
1832 4419
256 3008
3283 1121
4049 4109
3834 4307
3706 4765
2612 535
2164 4391
630 2970
3691 1348
166 4170
3148 4269
434 2749
2919 4231
4609 571
1061 1034
4659 1964
4279 3749
126 3229
2592 1447
1885 4878
3715 3167
3215 4323
447 3140
3608 1009
986 1352
705 4726
4670 1796
2206 278
458 4438
1835 3448
4121 2926
4866 2292
1707 613
3746 4541
4173 4460
4490 1734
1448 2758
1540 1300
719 1950
4852 1107
4197 1114
615 2787
3908 1634
1976 4842
1252 2247
4034 3366
1301 651
4194 923
4596 469
2175 1888
3520 4301
1550 533
4777 1265
1489 1804
3452 4306
733 782
4756 4535
413 897
178 2477
4401 3537
2060 794
4802 4914
741 4004
2102 4550
342 2802
1334 2559
881 4229
4551 3276
4470 2559
1650 2647
2594 1550
255 1106
4950 3286
2337 2442
2009 1683
1529 2632
52 2172
2893 4404
4284 2776
871 2354
991 4782
3309 2058
4088 179
4111 444
1224 1491
3431 2563
4676 1352
3757 2893
2610 4953
713 3853
4511 4249
3158 2176
2202 3763
282 3879
3090 3887
4646 4668
2318 4279
817 1974
3369 4303
3850 3399
4560 899
691 2206
4856 817
2216 2100
4051 1057
3062 1813
810 4283
3219 1727
3736 2176
1011 516
4638 2316
2822 3255
3457 824
1498 960
3408 3465
776 4134
918 3916
251 1224
430 44
2169 219
2625 2384
4556 2202
1801 3225
2240 2115
4239 873
1747 1823
1395 2205
4881 106
2694 4167
4192 3325
4853 1355
563 2963
481 3384
2170 275
2587 2190
4730 802
2910 4903
4310 1856
4182 782
2522 515
2850 4187
2457 4717
1697 583
4361 4375
1374 3390
231 2948
186 1935
671 2136
3890 2726
720 1529
3270 449
374 556
2273 2200
495 3147
3480 693
3774 435
3477 2760
4997 1860
2596 2839
2446 2606
578 539
2014 1167
1639 2833
2971 980
4714 2648
566 4772
441 60
1135 106
3339 191
1689 2165
1508 1222
3406 263
2251 4299
1487 418
2877 3937
4258 4557
1241 4543
2704 2726
554 2987
4776 2593
414 2854
1740 2481
1173 1821
2988 3190
1564 3471
1221 199
1599 664
2362 1516
895 3053
1154 4204
4868 73
1859 1677
745 3961
684 1792
1136 3485
2400 3053
2123 4141
4974 354
4072 4095
2324 557
2390 4732
4146 1716
4660 1403
517 1374
2915 568
666 681
4687 3151
1140 465
3461 3938
3576 1746
3518 3147
64 1789
4089 4359
3553 776
1449 4269
3522 563
280 4438
573 3432
680 796
4168 2717
3975 4291
807 633
696 1480
659 2412
3469 4080
2374 3806
4784 4403
2029 2689
616 264
2590 4121
1926 1534
1577 3270
2420 1859
4297 2725
2265 1611
4899 1582
3615 4863
3899 575
4751 1116
2489 3057
4280 1203
1809 3174
96 2421
2912 3255
2708 4044
819 3420
4473 4042
3156 3358
218 4081
2812 1823
2476 2709
4539 582
343 2481
4715 3325
685 2629
3109 2671
1124 1436
2872 4834
2879 4732
4026 4937
1458 4212
1067 1262
3383 807
939 2673
738 1232
1153 2234
2577 277
2359 2305
4679 2060
2152 2895
4632 759
3974 1198
1343 255
595 4227
1937 229
4901 2593
3628 3518
1770 2333
1694 2323
2315 2717
475 3221
306 4403
1500 2309
4760 2850
4012 410
640 3479
870 923
3031 3887
104 4141
4949 386
3917 3021
708 1086
2976 3871
127 4547
2716 3624
2873 1401
2094 581
2711 2880
1608 3026
626 4089
4524 3101
755 674
2602 3709
2396 3863
4196 1897
2953 3207
4885 3827
1493 2466
30 665
2978 3138
2745 738
1693 2600
1030 4145
3205 682
1316 545
1064 18
1178 1838
2940 3985
450 256
4329 3757
2363 1796
979 3196
4583 2166
3971 3709
4091 2987
311 2240
524 1798
520 1592
3179 1054
1490 3307
2221 4969
1479 2234
793 4401
4791 1193
4987 3402
572 1875
1031 2235
1442 3615
987 4853
3865 4989
944 4074
3423 280
3064 3360
4435 2238
3817 2281
4697 2106
381 2253
2453 4376
1367 747
2270 1918
981 1452
2464 2693
3513 813
4385 4147
4694 4202
2217 334
162 4481
982 2169
2871 2408
4993 3375
4548 2393
4850 1078
993 2971
3124 1348
2150 3233
1786 1809
262 2936
346 1125
1026 1617
194 3844
3370 1067
3266 1460
1947 2238
1812 4874
3250 805
4774 707
2636 3871
2262 1383
4039 1162
2623 1964
1887 729
3359 3123
830 4592
3787 100
3983 3365
389 4730
4500 2917
2141 4966
2868 219
1656 2104
975 1114
2800 2926
4990 4361
3430 410
2336 4805
3593 849
4282 2867
1151 4513
3797 1786
3785 1154
4894 4410
1394 4697
3464 902
3925 1986
1855 2350
2805 3598
3968 2233
1148 4158
2372 4613
3134 40
4985 4239
4501 3857
3905 869
1539 3008
1736 3727
4911 1556
4445 3091
1506 1131
1951 4969
403 2774
443 4937
1090 2779
4491 780
3907 3205
1640 2453
4641 947
3585 2139
4585 2749
577 3961
85 2551
3137 1435
4762 1698
1174 1767
3882 2344
653 431
3034 1012
3539 503
4734 4186
4968 628
1596 1878
2465 2878
4349 1798
2097 2216
534 3791
335 1897
2213 947
3119 4807
2947 3679
3503 1409
4013 1301
4108 4534
4447 545
4443 2677
3193 2148
1042 1801
753 3517
336 4931
3204 4668
1218 457
292 205
714 4481
4614 1479
4729 661
2397 2976
2519 414
1471 3865
4462 3343
4766 668
119 1448
4427 2238
2069 4155
372 3682
424 1789
345 2061
2116 3892
2020 2579
4770 2224
3616 121
3191 42
4265 4929
3555 2736
195 593
4497 2867
2332 2414
4826 668
2361 4950
1240 3999
2792 4774
3486 722
1123 262
792 2910
1197 458
1238 3865
2439 348
3775 2257
763 1809
2368 2121
3600 1464
864 4561
527 4375
1676 3246
1253 1976
765 2274
2062 2788
1250 1381
3990 2745
2530 2156
1002 1288
2581 3696
1873 609
2078 4084
2 900
1091 282
3367 1327
2066 468
690 1534
4305 570
3005 1592
660 1027
3986 1979
2804 2632
4334 4977
1213 4593
233 2359
1438 738
4979 3014
3048 772
977 50
2491 1054
1588 641
1993 2927
3744 3783
4126 3841
1572 1782
3321 1352
1594 2709
187 4291
1351 2049
128 2119
1001 1054
3333 3405
1730 2971
1703 906
3820 2286
3845 4359
2719 4817
3965 4382
1149 566
4383 671
3666 4895
3796 1146
3521 1252
193 512
1156 2839
2943 4276
989 1462
4498 1162
743 3090
4664 751
1209 4492
788 3544
4274 563
4250 741
1098 1080
1680 2622
3943 2407
3104 468
1847 896
3458 4865
2259 1505
4928 3007
1799 4027
1841 426
3674 2422
4105 2189
5 3179
1315 1250
1433 1964
806 513
948 3933
4508 1036
1760 960
3874 4729
486 4126
584 4989
1934 2496
4830 1128
4264 868
2705 1438
2906 274
3979 229
2204 4936
4926 4774
3456 993
4698 3370
3769 2353
721 3012
3840 967
2083 2259
1861 4204
4553 4036
940 1118
984 1148
2701 2476
2284 1197
1638 1361
3667 2374
1941 2260
1807 3664
4365 3286
1613 464
2340 562
1072 3887
3382 2941
1657 4968
3993 4794
2643 3408
2512 43
302 3908
46 2713
1141 3667
1552 761
4331 4099
1429 3784
2732 2448
3523 1824
4344 3857
204 1508
1575 2428
4906 1747
4442 1194
3843 2493
4230 2595
4847 3337
197 735
4888 1448
4406 3966
156 2667
2809 608
305 3001
3364 1001
988 3317
2330 3266
4139 249
2739 1705
3629 2160
1756 743
814 1962
2513 4621
611 2124
1410 1956
2484 3515
3743 4703
695 3158
2591 1792
479 728
2796 3798
1668 3464
2040 4290
2242 1500
1082 4419
3991 4596
2672 2507
933 15
375 3072
2426 869
2310 2499
676 3360
4243 3303
3931 1888
2783 1336
3927 3769
1474 997
3563 4713
3895 2749
1559 3504
3893 1357
2561 869
2178 1224
4024 2446
2615 1049
4371 4997
3100 4197
3500 2709
523 1607
3867 4305
1899 2057
153 1457
182 4585
2578 434
1943 1406
4994 3114
4558 3750
1780 3115
567 1875
1967 135
1671 1760
1110 791
598 3259
4211 4300
787 1836
3439 3067
72 122
220 1789
3792 3572
4023 525
2876 431
4797 4470
799 3543
3292 1388
2515 303
1475 493
3135 2319
1231 1975
1494 3742
1549 982
3082 4477
1907 1114
2220 4715
4298 1135
816 1598
3858 2503
3918 928
2628 547
3462 4931
4579 2968
2605 564
785 2692
768 799
4861 3641
2075 731
4504 1003
3295 295
150 2446
3782 529
3373 3845
1942 4730
1186 2310
3320 1198
4169 4316
384 1639
3112 1398
3830 3595
4666 2904
1883 2868
3238 11
4957 42
1876 2705
291 1749
4263 812
4828 4350
1285 1903
2348 3906
2380 1937
4241 2260
2607 2930
2952 1976
4295 3258
3149 1287
3900 3993
4598 4653
650 1357
3662 1226
2394 384
3527 1656
501 4514
3356 1720
1445 517
2678 4928
1865 4165
1900 152
4913 2396
837 4034
1960 1524
84 3394
4219 4044
3753 300
1043 161
675 2004
1212 1698
3256 4237
2740 2647
93 1464
4101 626
1056 2311
1400 3490
321 4524
480 2457
999 61
3745 824
3041 1156
47 510
35 2922
4309 3325
4420 2337
1944 4774
1172 3170
2821 3595
887 3919
1880 3921
3113 3952
4806 1374
1713 4594
2356 2983
6 1794
1333 3522
3318 314
3644 1599
1945 955
1963 354
28 1334
3812 1960
3929 3465
1953 3223
4731 173
4506 1750
3567 2841
1275 4778
92 3527
3086 3036
565 493
950 709
1504 1387
4317 234
3589 4145
614 4330
4570 1897
4278 87
1100 4762
4890 1634
420 680
1391 560
2767 1525
4744 4577
2184 4376
4999 447
1714 2593
3475 300
88 2976
1175 2232
4222 2746
1909 1686
957 2001
702 4347
4390 4368
1344 3798
784 1798
1329 873
370 614
1675 2905
3672 1023
3380 2348
272 1200
2731 2224
1952 1710
3793 1875
3575 370
1911 1785
325 799
4076 4600
2778 3061
4839 4751
754 4743
3386 2384
3860 4487
3094 3913
4213 544
3597 1062
4586 906
2417 402
4983 312
4824 448
657 2141
992 4099
3930 2913
4387 595
2494 1215
1204 11
2764 3522
498 3307
466 4298
134 814
395 2912
644 4036
1569 423
2225 1978
2909 978
4040 1809
4792 1332
4262 772
4064 1680
716 201
2369 3243
851 3811
549 1273
2818 3275
1761 1727
29 1017
3698 2316
4849 3684
2791 1061
2089 3328
2782 3564
1512 758
1866 3175
3759 3672
627 1315
831 4901
2079 4888
1264 4238
4319 859
3248 1943
487 2372
885 2643
3050 3706
4234 2829
1202 1783
3508 1789
1642 2041
3505 4894
3436 4340
4061 1280
587 991
4017 1118
3724 3033
1219 2167
3711 1061
41 3215
1155 960
2923 4865
3418 2964
3808 493
2502 4401
2130 1232
2314 3820
3835 4221
1586 1832
1419 2225
1006 4426
4103 2774
3534 4490
528 647
1373 3160
3936 4804
445 4784
886 2783
2670 176
1842 4878
4695 4926
1094 96
1659 144
1105 2004
3651 3871
1096 2228
142 3462
1068 1396
2714 4270
3995 3904
3371 2561
3685 3498
1585 2362
1311 463
2656 2
4452 873
3878 1075
3414 340
4733 3948
3967 3338
4289 1166
4011 2119
3051 1798
1601 312
78 2547
2965 2859
3803 1084
4326 2109
185 891
2539 1798
1188 3307
203 2115
4811 4182
860 4031
3128 4863
257 4081
3073 2271
3392 121
1093 1844
1463 4791
3861 1088
4602 3064
2487 3951
283 4027
1434 572
3416 370
3551 2155
4649 4353
826 4158
3707 2843
2918 3475
4742 2292
4062 1179
1932 4144
3532 3925
3737 2787
4576 364
4972 1607
1999 2479
3327 3169
4400 1384
2059 4810
1662 740
3018 3678
4998 1915
2989 2595
917 2654
2275 2596
1347 1588
2845 144
1691 4677
99 3782
4014 2559
393 2606
4360 801
3988 2899
2129 2559
1426 947
2409 4490
4595 537
4954 4620
3442 3420
1930 4182
124 3152
1754 4081
4003 859
3704 1697
4571 4309
3514 2019
4862 872
4079 220
4482 1606
1214 5
642 3110
2665 516
3998 2101
2236 3775
3076 4888
4844 1758
506 4133
3578 2627
1699 3749
4429 99
1684 2557
1342 4202
3816 2392
1892 648
3065 4870
2067 291
4626 4842
4016 2825
3868 3993
1553 3304
198 4855
212 1992
1969 4717
4226 4291
4981 3336
4522 2523
4872 2692
1724 2987
1053 4948
833 3984
1258 1108
3361 364
4831 3744
2914 495
3876 1358
1831 381
3313 3076
2293 3316
3533 4818
3856 4768
2478 675
4066 671
2961 4076
4367 1301
2463 1038
689 1680
2450 594
2287 694
3310 3906
3212 2943
795 791
476 2065
4671 2968
3932 2459
3946 3119
602 2922
3297 458
4162 4718
491 733
4512 2867
1531 4074
2430 4540
3052 2983
3132 2910
4178 947
2149 1378
4631 3503
2073 307
4273 4307
2890 754
4773 3109
55 1992
2885 2653
1733 4972
2438 3315
863 2911
4566 4114
2524 556
3188 1534
1589 3876
4324 1475
4119 3344
3488 3750
37 1420
4135 3438
597 4825
1476 980
4984 4887
1679 3596
1795 1187
3728 142
4377 1067
2375 2440
4067 685
2230 3124
2358 1166
4193 187
151 644
4203 4212
4575 2629
2631 3040
4402 4133
1535 3221
2441 128
4932 4760
3163 4774
4416 1755
157 2736
4873 4254
853 4203
4117 2971
196 2428
2700 1363
4582 714
4503 1634
1541 203
347 1735
462 1782
3467 1253
4529 3583
4922 1633
4702 2919
1502 294
2250 4331
2808 495
4648 2237
391 124
2750 1750
2962 2453
855 3321
4259 2285
2784 779
1297 4351
3673 3310
3046 3788
371 2631
2980 3492
2085 4121
912 983
1456 2994
427 3087
365 4552
949 2285
1309 1239
1579 2978
1738 1581
4693 4113
1717 3189
2759 2967
769 89
706 2184
2304 282
1339 1890
2294 4761
4198 1752
3738 1214
209 65
1651 3344
700 2453
4059 2302
308 1716
1966 2274
3476 3835
4092 515
963 4503
3958 1975
4934 690
1768 1799
4859 4371
1290 2687
3024 3949
4952 4400
2352 2763
4532 3515
820 162
2181 3160
4322 1434
1530 3788
1896 4938
3620 2415
2280 2060
4286 4406
2781 2423
1762 1668
3058 4421
2655 4872
56 4518
2920 3951
1521 3544
376 3317
3272 3437
4496 917
4763 2780
2249 2711
1925 2494
1310 2130
4083 4402
3186 3160
2036 3922
2674 870
1269 2392
1152 1417
3665 2402
91 4219
1829 3524
2793 3704
3077 121
1661 2951
2599 2665
4098 4799
4459 1124
1817 4265
3092 3589
2017 3430
4414 121
1468 3539
4634 2878
2707 2552
725 2815
4090 4629
4185 4282
214 917
2321 39
4015 214
3080 4390
1160 4015
1850 3115
3200 1853
323 2085
1066 1771
3003 2723
1276 3918
4112 2301
752 3308
2938 1088
353 1016
4415 38
927 2178
3178 1952
3353 2009
3280 1961
2256 647
164 648
1399 3353
970 3907
3609 2106
3059 3290
387 4406
1369 1184
1558 4439
1990 1989
2644 3267
2688 2395
1313 4355
1138 3753
1988 2943
3570 4730
1304 3957
3837 1752
4441 1966
2663 2284
1818 842
472 479
2946 523
180 3999
3621 525
1283 2057
3842 2174
591 2308
1109 1662
4434 954
3561 785
2722 545
1991 1792
3165 1362
3622 1751
1867 3680
4266 2702
2048 142
1104 1646
4407 3111
4618 2299
1803 4792
2975 2980
4223 691
3407 758
2840 1937
3754 1527
2660 1472
4455 1607
3832 2400
4673 2854
925 1812
1318 1160
951 2232
149 4687
2498 4977
625 547
1820 741
4624 1151
3347 3704
301 4984
1375 3314
850 3702
4510 3557
2799 3052
2536 2336
405 1103
1047 1422
3396 4142
1916 1455
1095 1410
4102 2353
1440 231
1370 1226
2193 3162
192 2131
304 1519
2756 1748
1466 2747
3541 2969
1382 741
2990 4240
396 1118
1901 695
3022 2972
4294 2231
551 565
4891 1864
1113 1092
990 2202
1259 607
4746 477
1848 572
3877 761
2126 3859
1168 2665
2226 2706
470 2763
4809 518
4366 2629
2604 1428
2798 2281
4260 1516
246 2635
2378 2537
3010 3272
33 1471
4509 2224
4272 3343
3341 4228
1432 3897
4886 2766
2143 3544
1320 1458
53 2165
926 4548
4058 2503
1324 2024
2320 1696
4087 400
333 4149
2533 391
36 4242
358 2965
1041 129
230 4822
378 966
4281 104
875 2526
589 135
4622 2126
767 907
2105 983
2797 1162
4785 3112
2377 3390
3502 2911
701 1750
3556 3005
710 1397
3780 4474
3030 389
223 2270
1033 4936
3592 1897
213 3975
1904 2037
4748 4646
4069 2867
2870 4882
2637 14
3703 752
874 3600
404 4514
4071 1945
1647 1086
2449 3272
1833 2218
24 693
1427 2328
4672 3731
2883 147
3613 890
3548 2649
3604 1441
3705 874
958 4806
1451 2946
1563 4752
250 3165
20 3923
4357 2752
4485 3724
959 771
3083 4198
485 204
2992 540
467 902
3847 4628
1574 4817
4986 328
2865 2230
3676 204
2601 3830
2183 1393
267 2216
4896 1970
1266 4306
1159 4770
2338 1127
500 2722
3633 3267
4107 2734
2435 494
2993 4896
1830 3685
1 1689
835 4439
3695 1371
69 541
1195 2119
4137 915
4601 2847
2339 2721
4735 3315
4877 4509
2039 3325
1129 2738
3118 4964
3924 1625
2071 1211
4892 1203
3981 3936
2031 3053
935 3283
3323 4158
1674 3007
3828 2123
1882 4167
3122 2747
4753 3632
3049 776
1444 3113
4288 3108
3348 157
1281 4013
4798 2798
558 3935
3330 1137
2813 2463
1260 919
4800 2065
1465 127
1071 4477
417 1804
3768 3688
1499 2561
1554 2717
804 4351
4860 461
2935 1806
3198 675
838 2551
3920 2097
4519 827
4220 2320
4630 885
4536 2146
2283 60
373 185
1291 4289
3263 1816
184 718
2306 4231
4724 171
3181 4012
1779 3584
965 1347
2545 1679
3093 53
2346 830
2585 4802
1788 1054
3571 2830
888 3477
3712 3051
1145 4592
1678 3345
3562 1561
4381 3575
2138 4824
3987 2430
245 2747
1143 1766
3765 1814
1744 2847
2091 3191
4642 3202
4605 2849
1341 1830
4327 2194
3885 2261
4363 3583
3854 613
82 3408
1759 3520
3265 4372
953 1932
3422 89
1522 2483
3896 3663
3302 1474
1538 1710
1411 3191
2857 3743
474 736
3726 4202
632 2386
1775 4804
2801 1894
858 436
3779 3289
259 2486
499 2957
1869 4860
3483 3084
3670 4904
1660 3698
1338 1184
3146 3691
1267 2643
3501 564
225 2806
1928 990
2974 3453
1898 3318
4461 135
4093 3365
3846 4264
4801 4497
2727 2588
12 4385
3120 3049
4302 2094
4909 1978
4075 2116
2413 2467
3281 2543
3810 4255
2458 2808
359 102
1518 1852
2266 2159
22 4949
576 4182
4150 2460
670 2408
2811 2213
964 1301
4741 3565
3804 646
59 853
286 4308
2203 1795
2892 1068
2645 2350
2560 233
90 1242
3718 3194
4006 3061
2108 2606
4037 1697
2349 837
2553 2521
3681 1179
2313 1779
590 4663
1808 4035
2949 200
530 1319
3594 2870
2958 4683
3637 2091
115 788
2862 3538
3388 3914
3950 3848
2567 2865
3245 1184
459 3082
3758 2484
70 2738
2874 872
2929 3359
2737 4108
1077 2539
4118 1211
3542 1897
4927 2799
1600 597
1983 288
4123 88
2814 777
4604 1607
645 4602
2823 1762
68 3701
734 3425
1673 1942
4599 2809
4832 995
4884 3801
1191 4027
211 3990
2187 2783
1233 3689
746 3859
1566 3464
3547 1275
3824 1818
4070 423
2824 3155
1060 4090
4256 905
265 78
3573 2671
319 2265
3433 477
2404 4456
4667 1855
4775 430
1469 1170
922 1701
438 4903
4041 4145
1257 2665
4495 2647
2212 4329
4151 3204
1573 1266
4674 1733
2215 2063
3619 2789
4184 926
1845 2068
4655 3323
1158 1880
3535 3534
1597 3578
3182 1135
3172 1026
313 3527
2140 3001
2364 3758
190 444
4464 4277
1245 333
1256 289
4580 4605
4978 3882
419 4785
1800 1399
3617 202
2852 4202
2549 648
440 982
1791 4238
3487 3898
2173 1515
1101 1344
4623 3792
1593 4843
3953 1401
385 29
4523 1184
3234 4582
1765 3680
3028 3182
0 4959
3618 3207
1902 839
3397 3441
3470 18
2664 4512
2322 528
2973 4125
75 1715
3293 2292
3426 540
241 3051
3648 3983
1119 3895
382 1233
2488 1771
4759 411
760 2824
3424 4044
3939 2163
2831 2685
362 4601
175 3651
2120 89
2086 4436
4065 4513
2955 987
3015 4943
2329 2410
492 3604
803 3947
2710 3341
2807 125
2445 1832
4177 4769
3989 2202
2118 2339
16 751
3540 1976
3268 2973
1886 3724
2295 1267
3566 2734
1277 466
1454 2899
2609 1640
206 825
4293 3835
379 3960
3760 1821
287 464
1725 3879
2932 1000
3668 980
3656 2967
2669 2337
1208 4021
4397 2857
773 2050
636 3917
281 3443
4225 3444
2842 1394
916 661
3713 2914
969 176
2620 3517
1874 1287
1933 4518
3638 813
1132 379
2835 2174
2977 4087
1254 3571
1815 2402
3770 1943
350 3935
1019 3697
1282 4510
2785 361
3560 907
3157 4512
580 3681
2945 4963
2028 4772
1185 4841
1863 1550
1908 672
1402 1641
1893 4795
1923 886
1822 653
2245 1578
113 1379
3342 4286
4619 4364
797 2856
137 104
2355 1297
1083 410
3450 3256
216 120
4739 4411
3427 2543
2027 1970
4898 4005
2209 3573
4132 1422
4589 287
2589 1533
1648 1292
3671 1569
2658 2873
3105 4284
4747 1134
3497 4270
3056 1736
2897 3936
2006 571
2471 449
3809 408
167 3585
155 1614
4060 3503
3075 4203
519 2115
3027 3962
4924 1741
1753 1649
3088 87
1948 1178
341 255
4104 1396
3710 4125
488 376
4939 2163
3996 1678
3013 4315
478 4825
703 639
4637 1668
4370 3697
1111 4938
4085 1452
67 4003
4995 967
561 871
2598 1005
2597 892
4823 122
2576 2445
4889 899
2095 2667
1571 1251
3335 205
1293 2714
1330 194
2573 4160
3216 1777
4876 3506
1413 1400
4153 4233
165 4407
1605 1081
1312 2918
3235 4423
2103 3645
4680 4715
2966 2922
4437 3297
3777 4360
143 2692
4640 878
1225 3283
4396 888
1322 365
1076 3005
268 2668
1425 3394
1346 3239
2501 3685
3298 4298
3602 2919
546 4018
514 3687
4897 4152
4678 4325
1117 2309
4199 3427
2154 3324
1220 3618
4657 1856
163 1134
1164 1322
4976 4355
3491 1354
1871 907
2047 3212
592 3094
237 2298
4450 265
4758 3383
3756 274
3357 3202
3218 3687
2497 2061
815 707
555 3436
1681 4309
3241 405
337 1657
2527 2676
4465 4515
4201 1624
2312 2274
1035 3736
296 4095
4448 3332
3351 582
2698 1824
7 3235
1181 681
2317 4257
2490 1410
2851 3457
2751 3370
968 2768
1568 4687
2158 2392
4 1993
3472 3561
4200 3334
3740 4025
1965 546
3725 1580
2365 1314
1415 3304
1745 4657
4469 2396
1612 1767
4475 4067
2532 3518
172 2390
4047 4692
1940 3545
2405 4805
1692 109
2902 1529
34 2523
4607 3745
3723 18
3002 803
2208 2758
4019 3500
4537 4652
3273 3760
4840 4679
4905 3160
1236 1842
4597 2463
2021 2033
1008 2702
1706 3427
1891 1056
914 2961
1858 149
4569 576
1037 4113
4466 3981
848 4465
2699 1808
1331 2714
2403 1542
4405 3204
2468 3602
2720 1179
1643 4975
3071 1066
962 4059
2210 344
3214 3522
3319 3801
4175 2103
4251 3556
2908 2364
2646 1099
931 1001
4941 3668
1513 1610
3762 4609
2991 4114
985 136
3849 4758
1547 4995
2030 458
2828 2293
2683 2114
2819 2843
4007 1777
3349 3138
847 1456
3417 498
1122 4274
1583 1014
2145 2172
2986 2223
19 3500
3652 4468
4354 1935
2064 1290
4247 4367
3098 830
1857 1315
4346 3293
973 227
4544 2184
1658 4488
4386 4279
4124 2585
3209 4509
4028 4780
3870 2927
3875 993
322 3788
1972 4531
3992 4571
757 1930
3649 204
3601 4104
429 1924
2662 1027
1980 1108
1424 4447
4190 661
2981 2700
2087 2547
1628 1280
2509 3771
1405 4244
1115 959
2820 1739
3493 4599
4218 4491
3481 4279
3944 4914
3054 1258
138 4881
2679 2762
4378 269
4457 4988
3973 4033
4000 654
688 2281
2026 1480
1828 4057
2827 1599
3978 579
507 2262
811 2425
1994 4811
2891 4806
3284 1882
2128 2957
2869 1527
629 4893
1682 2766
1085 1001
4991 131
3829 2121
2268 3156
4858 4228
4163 2871
3419 3141
1629 3573
678 1039
4342 3341
3646 515
3154 3985
623 4522
1013 714
3025 1015
2046 923
790 4308
3891 3476
1931 4629
1263 2319
996 1337
1555 4548
3496 2614
2307 567
669 4142
1147 3082
2939 1624
1839 985
2382 2812
339 3919
3237 1647
3911 2257
316 740
2171 3879
3355 2586
2269 2492
54 537
4505 2579
1959 848
1590 3488
146 3769
1995 3007
3970 3318
1335 2822
392 3423
4332 3747
3499 1680
1390 3904
4224 39
637 3063
3755 2961
270 565
4919 2437
3658 1808
2434 4060
4480 4472
1065 1153
1862 4682
284 3729
4716 3617
1700 3252
3818 3685
569 1174
1237 3008
1048 4678
4157 783
2574 11
253 2407
2703 2396
4454 523
3403 2371
4507 2713
1496 3649
3852 3613
4788 810
1562 1812
2894 4419
509 2984
1408 3695
889 4743
1653 2615
2790 4243
2514 1962
1811 2646
1729 1816
1636 658
4122 4764
4996 2729
2122 3896
3627 317
624 3375
2675 678
2111 3239
3776 4874
2652 4851
1997 1424
2998 643
756 4989
3611 2885
2211 2511
1321 2654
1615 2702
2185 1162
232 3048
4161 3394
1954 3315
3623 679
4707 2561
4750 1942
4654 3938
1070 3951
4647 4153
4864 1788
3103 3953
4458 3820
667 1876
4384 728
1576 4025
3224 4856
781 4778
1666 2014
118 83
4572 2528
2151 2335
4848 4420
4424 1939
4082 2519
1190 3137
1359 144
130 1375
3097 4535
1914 2413
3484 1491
2451 304
4980 460
132 4298
2584 2097
2742 3289
2110 1748
1055 1201
208 4277
4869 361
2960 1842
4106 3749
3558 2105
1051 3179
4054 306
808 2128
737 1091
2055 4248
1743 2698
1998 864
699 1861
4546 933
2565 4742
1938 1860
320 0
2900 4107
4958 1605
4961 3512
4955 3246
2443 1500
2012 414
2882 1347
210 2131
4020 2837
432 4962
1385 4729
2088 1883
1802 85
3173 3729
4171 3473
553 1724
3277 2806
687 3803
4261 2549
4615 2563
4296 4125
3222 351
1517 1777
2650 3875
929 22
4271 3579
4216 1855
2381 530
2008 1429
4409 3201
943 3170
4431 4689
1249 3998
3460 1658
4336 3294
2875 3108
4685 3863
1364 4507
425 860
3242 3606
1278 2863
3011 562
727 1677
4393 4758
3772 4463
23 2344
2241 292
750 4371
3509 858
103 2117
1837 2262
1797 2601
1437 3449
95 2181
3000 1426
1453 463
4206 4884
3421 1096
422 4071
3510 288
1532 3891
2582 3890
3901 3520
3614 4924
2944 3496
4587 663
3802 3194
3244 674
4440 4638
1247 4417
4451 734
635 4937
1723 4765
2290 2573
1482 1031
910 3370
86 2271
1199 1330
4050 1525
4711 4160
139 3294
4635 2995
2568 3052
4432 4711
2074 4024
1635 2496
1620 3224
2748 4314
4181 1639
399 1233
2803 3915
3078 2235
662 4108
2772 2889
2246 2468
2697 1500
4038 2126
1773 1039
2447 1995
452 4723
4029 163
1073 486
4128 1898
2575 1473
3362 2400
3552 1721
76 705
1587 276
4053 2612
357 940
552 2663
1360 1107
4130 4028
3954 2666
4136 4898
3980 4088
4127 560
4705 1141
3692 3596
2816 442
865 3160
3195 929
3655 776
748 1821
4565 7
961 557
2399 3620
692 4161
1308 4365
4665 4549
318 3156
4880 1258
279 1607
224 1510
3590 256
4639 1761
3139 1608
1827 818
4789 436
1826 597
81 3763
2817 3643
4573 85
998 977
2034 2443
4790 1085
4395 2749
3945 588
2475 1809
4345 270
4982 4115
2864 2234
401 657
1063 1857
2000 692
3257 2873
3019 108
433 3300
1046 4443
3401 1517
2327 922
2003 1791
4656 838
1622 4582
1726 3539
2142 3018
4068 3960
174 3402
3305 4849
1404 433
697 1278
4428 4068
3495 4815
854 1035
3826 1941
3211 4712
228 3093
2255 1977
3605 4059
622 2695
1663 4685
934 4174
3873 2328
3459 4904
4787 965
2376 3812
2903 4601
1722 772
1157 3561
634 2919
2633 1834
3546 2567
2137 4078
2291 718
3869 4724
4388 2582
4494 3328
3549 1790
4449 2164
3708 545
4813 85
612 2029
3379 869
1687 3695
1665 2133
3516 2340
2076 284
3045 2411
4343 2139
3279 538
4517 3009
2401 3415
309 4381
1133 428
1289 1100
3288 3442
207 2991
3631 870
2201 2425
3387 2289
2611 2694
4328 4239
3730 55
254 1166
4650 4956
789 733
3095 3508
327 2650
3699 2672
390 2635
3883 3305
252 2282
3447 4345
1920 2680
4520 3370
1958 4167
1234 3753
222 494
3799 4423
840 284
1412 2247
1712 3639
3069 1287
4476 833
3217 1090
1059 2620
3751 1196
4930 1386
3411 104
4032 2807
1912 4305
324 2878
1728 3465
2013 4387
1929 1353
1732 3311
484 42
2182 1494
4235 2712
2343 2532
3866 4188
3926 1613
2556 2871
3232 1599
3838 1517
2112 2268
1793 3370
369 797
2956 2662
2826 3212
4690 2351
4338 490
4533 87
1557 2190
1667 4703
2093 3509
2682 4600
2861 794
4651 4296
1483 2515
774 1577
1619 3839
1764 1867
1784 1614
3329 2134
1548 173
521 3759
4191 2991
2044 4005
3282 1292
1545 163
903 3985
3591 4467
4606 2948
2775 692
686 1854
3489 495
1810 1056
3714 3109
2535 172
4356 3812
1774 3055
3185 4805
4335 144
4820 4261
836 1376
4879 940
4154 3803
330 1705
2616 2
2267 1717
398 3994
123 2073
497 3649
2436 432
2659 4572
159 588
57 2308
3739 4223
4341 2000
3955 2993
4704 3496
2754 162
3038 4581
3766 2846
4912 1528
117 1440
2277 4208
901 4090
1439 3141
1495 731
3331 4507
2690 4581
1271 2149
1702 519
732 4116
3287 4861
3735 3724
1205 1275
2054 445
4159 3095
1603 1050
3982 1379
3306 759
2538 476
2367 2
3413 2493
3764 1753
3236 816
2127 4143
4446 1295
2860 3220
4960 1963
4616 4565
3150 3419
2500 713
2642 1146
154 711
739 2489
4320 4607
45 963
3454 3646
1981 4676
4916 4281
3044 3635
599 264
1163 275
4691 248
3102 1729
4172 1267
1567 1775
1630 2909
298 3438
2866 2947
508 1787
4681 3295
2334 1261
2608 4829
2580 3574
3176 592
770 1154
3813 395
412 4242
299 3210
4430 1290
366 2744
764 521
4900 3986
3752 4465
2898 4934
1609 1366
2626 1732
3511 1060
1936 4900
4781 4074
260 4151
2999 4570
2504 1814
1655 4576
368 4386
293 3040
1025 4831
3199 2970
3376 1909
2925 1199
894 294
1028 850
4857 4513
3107 2276
3530 3334
942 3363
2959 3008
4740 2960
4010 2067
3683 3472
1623 1683
1711 3739
3807 3244
2418 4227
3733 3900
2916 1674
3247 3755
3032 43
1097 2753
879 3260
1340 2148
1169 1576
4545 1897
4056 4554
1165 3048
1973 2973
1478 3852
21 4204
2222 2990
31 223
4195 347
4215 4143
3166 3333
1020 3313
4965 1883
3686 3735
170 651
111 1335
3136 531
2007 4461
2733 2635
58 2808
3153 2365
1546 3
367 1958
331 4932
2933 1156
511 4906
94 4878
4603 3702
677 4114
1968 4262
2474 1424
2928 106
145 4038
2583 201
4973 1248
913 4677
1484 4591
1509 4748
4373 4909
4992 1122
3180 4630
3910 309
453 848
4720 3678
3569 2486
2186 2856
496 2602
3042 4872
3435 4093
550 1930
437 3662
2296 2111
2038 4479
4292 1802
3168 597
3653 1958
845 4607
4612 3616
786 3364
3127 1793
3455 1195
880 1594
2373 1814
4166 1169
2516 2507
1919 1804
4210 2970
4358 3280
1769 3341
1461 4728
4686 212
3836 2972
1414 4355
1637 1242
4433 3461
1227 2890
2942 1381
3395 3129
1029 2239
3494 4435
4725 3037
603 4443
766 1337
2571 1722
974 675
243 98
1216 4646
1407 1313
266 2856
2002 1643
2540 3536
3963 2398
882 3796
2053 1208
4767 3582
3675 306
1654 4488
2431 560
2686 4863
2555 4151
3412 3128
2858 915
4312 3123
655 2814
3482 2803
4935 3968
4562 3848
285 4716
3230 836
310 2006
3106 4166
1112 1502
4379 486
383 1140
3089 1390
3099 1514
1913 1236
1536 1240
1230 4442
2832 2006
1223 2199
4951 4234
3902 2126
809 2897
3626 3863
1161 2934
4030 2508
1087 1524
1010 862
3271 1022
3650 4919
2455 4097
1632 2332
2272 3686
4627 111
1627 4745
4304 291
3789 1168
4700 1781
1004 1405
4568 2640
3864 4436
3888 1399
3391 4870
4643 701
4418 4196
3161 1907
4478 1016
2157 577
1298 1318
952 3193
1189 3520
1895 4468
2389 3152
258 3650
4737 3092
4408 3889
2518 594
4232 3516
4287 2389
4925 1577
3603 3744
4793 4620
3969 3378
3143 3979
3940 465
749 118
2544 736
2634 530
3795 767
1872 3652
1917 1310
2848 3326
1757 4780
74 4461
4907 2956
4921 2766
2853 4366
2424 1610
3446 3131
482 1219
2207 3605
2244 790
3636 3561
3964 3928
1987 2588
4578 668
1246 3429
2641 183
1206 3901
4871 2249
